13888,99976,113864
91349,98642,189991
8292,92950,101242
73453,82047,155500
12917,19956,32873
1877,20313,22190
58646,43608,102254
46050,59268,105318
5485,25695,31180
80464,79690,160154
56504,69523,126027
40194,29068,69262
69039,68834,137873
93595,94662,188257
28798,74380,103178
84743,40994,125737
15832,45056,60888
16859,11946,28805
38681,2126,40807
43935,43046,86981
6313,64393,70706
22455,27207,49662
27418,61721,89139
52709,82087,134796
20553,20085,40638
39116,73084,112200
47422,95214,142636
40624,39701,80325
81253,12969,94222
57657,1790,59447
94499,63471,157970
67344,62392,129736
92416,36945,129361
88650,83711,172361
63757,76011,139768
19894,96690,116584
7535,79924,87459
49319,3523,52842
78832,71403,150235
27996,65030,93026
49827,28254,78081
50303,9875,60178
39952,41913,81865
91415,44746,136161
89640,43301,132941
19355,8595,27950
85223,6629,91852
26061,59688,85749
57637,14737,72374
78365,89551,167916
82039,17780,99819
97263,88510,185773
60175,91586,151761
57062,56737,113799
52955,68864,121819
87711,35064,122775
1215,24004,25219
25002,59418,84420
72838,5186,78024
35597,74283,109880
20690,11258,31948
74986,79106,154092
48080,81565,129645
84473,84186,168659
39515,84700,124215
94940,79569,174509
74646,33147,107793
20833,99838,120671
63722,79086,142808
62408,99722,162130
84466,21917,106383
76415,9625,86040
2255,58463,60718
70242,14308,84550
94246,44220,138466
41411,4587,45998
86801,63751,150552
24388,35812,60200
83506,32904,116410
44324,91353,135677
29110,57664,86774
42547,70416,112963
39533,3397,42930
8579,53733,62312
95372,80077,175449
22675,66145,88820
46850,71138,117988
37220,90381,127601
86603,13961,100564
47506,68721,116227
85132,65630,150762
54300,78690,132990
98290,2047,100337
87681,14521,102202
93392,8173,101565
56756,75857,132613
4179,15022,19201
818,75720,76538
20639,5477,26116
37745,23589,61334
26704,57931,84635
17054,41715,58769
77689,31655,109344
27949,51631,79580
22242,8941,31183
20394,63188,83582
40122,37959,78081
94438,47417,141855
10802,80326,91128
34199,55157,89356
10337,76358,86695
79311,7308,86619
29859,71778,101637
52778,72545,125323
28286,23210,51496
81609,18648,100257
98446,27394,125840
66654,15652,82306
63954,69861,133815
21655,54360,76015
56591,6388,62979
12640,40091,52731
33034,69027,102061
72687,24303,96990
17839,39103,56942
80109,16075,96184
81880,21041,102921
94592,82313,176905
45477,96777,142254
93183,35931,129114
64066,29577,93643
25770,24200,49970
72551,41308,113859
89999,10339,100338
36950,33597,70547
35525,19968,55493
41430,35376,76806
86036,84690,170726
29909,27874,57783
80730,90145,170875
19648,36965,56613
49081,14536,63617
15604,11038,26642
5041,27444,32485
4714,54830,59544
53175,1542,54717
33381,78772,112153
83059,81216,164275
40828,81212,122040
46306,16476,62782
54228,82180,136408
98756,11763,110519
69807,76513,146320
28054,76684,104738
24761,5322,30083
82639,63979,146618
27972,54536,82508
7946,57804,65750
44525,97015,141540
86817,95902,182719
34545,35686,70231
99216,56216,155432
45357,25155,70512
61160,43664,104824
9880,28752,38632
91121,87978,179099
36277,27149,63426
24090,71918,96008
9829,46408,56237
69489,65372,134861
5551,81535,87086
91777,23300,115077
59084,99641,158725
98850,16932,115782
3762,872,4634
57789,90189,147978
74429,82061,156490
24736,43172,67908
2477,36925,39402
1471,73849,75320
86033,87734,173767
84610,81635,166245
32906,52577,85483
624,23840,24464
12525,62654,75179
72481,81878,154359
20796,4370,25166
1190,81681,82871
74135,85779,159914
59408,42397,101805
77587,71237,148824
37161,41441,78602
15766,53428,69194
45135,26442,71577
55773,96324,152097
7647,64043,71690
2368,22908,25276
25990,7909,33899
3166,95509,98675
64122,64351,128473
50098,75266,125364
91831,3083,94914
63617,53858,117475
84497,13100,97597
31438,94305,125743
80705,8738,89443
47793,97376,145169
91779,81632,173411
25955,10636,36591
70759,27228,97987
99536,66550,166086
51461,33621,85082
98476,5376,103852
15891,71176,87067
89726,17325,107051
15553,48578,64131
86587,11518,98105
18173,16472,34645
94951,95382,190333
92542,17939,110481
3799,78481,82280
80434,85802,166236
28727,92294,121021
71560,78847,150407
12320,11058,23378
75803,51713,127516
9606,28564,38170
70096,27780,97876
72283,39638,111921
39714,18981,58695
20716,42525,63241
12553,91678,104231
87088,17052,104140
8896,4297,13193
62565,11552,74117
98025,38541,136566
83897,23796,107693
7696,92626,100322
37430,98080,135510
23961,41327,65288
18661,17343,36004
90518,50136,140654
99294,7163,106457
25685,73612,99297
91803,83888,175691
66413,39842,106255
92573,99266,191839
97607,45068,142675
17869,27962,45831
78736,70347,149083
93701,49716,143417
54930,97984,152914
51329,29659,80988
79741,37752,117493
87618,66286,153904
8073,79590,87663
33385,16300,49685
46382,46118,92500
13165,62691,75856
36662,53014,89676
42916,79528,122444
89311,53686,142997
17077,69233,86310
30028,22522,52550
82588,61957,144545
19982,69251,89233
17572,44897,62469
11733,8720,20453
26350,2719,29069
51040,82488,133528
4462,73369,77831
42335,56712,99047
98857,9246,108103
1790,46658,48448
50635,93482,144117
42600,54558,97158
94877,92336,187213
70402,81141,151543
68633,84939,153572
92019,83399,175418
44621,29646,74267
38308,3966,42274
44091,77060,121151
28623,40338,68961
48109,24831,72940
48419,53657,102076
84462,88108,172570
20296,78104,98400
44239,87261,131500
35996,17511,53507
3331,8747,12078
42645,99197,141842
78968,84534,163502
71562,23080,94642
92325,89493,181818
87533,49869,137402
50345,60393,110738
8107,71684,79791
16452,65793,82245
83052,13855,96907
59552,82281,141833
89373,94715,184088
54837,424,55261
32357,93782,126139
70064,56018,126082
83231,42436,125667
63441,30306,93747
14688,79310,93998
8925,41353,50278
88905,96341,185246
79136,48046,127182
36468,20577,57045
57687,80770,138457
17215,22178,39393
91460,81090,172550
1109,49431,50540
56535,9838,66373
84905,38243,123148
40128,890,41018
32767,44831,77598
64687,49490,114177
55846,18740,74586
21556,37404,58960
55016,51740,106756
19665,25544,45209
70961,41690,112651
33047,67046,100093
31866,14809,46675
13179,41215,54394
45052,81686,126738
6706,72006,78712
4149,31883,36032
3556,46352,49908
27783,50812,78595
5151,79274,84425
80351,2435,82786
51389,18336,69725
55391,83219,138610
21871,50897,72768
99087,77174,176261
37967,59902,97869
37276,9231,46507
12542,81825,94367
33947,60534,94481
83729,62485,146214
58446,91163,149609
58944,49666,108610
76888,73064,149952
17176,77004,94180
90229,33770,123999
10093,70335,80428
73393,70070,143463
18970,76611,95581
56346,18487,74833
20995,36094,57089
20763,14903,35666
66532,56956,123488
42168,93977,136145
93646,95838,189484
42949,52339,95288
95095,18802,113897
63832,92133,155965
95973,16410,112383
35685,2147,37832
26676,48927,75603
24236,13072,37308
37989,56830,94819
89286,26738,116024
57645,20115,77760
60910,26134,87044
51813,75680,127493
80241,88673,168914
76496,74236,150732
82654,54304,136958
89425,81958,171383
77313,15460,92773
67561,35038,102599
48907,9038,57945
75153,48275,123428
79261,34359,113620
19415,47442,66857
7821,61496,69317
17798,99487,117285
36610,35867,72477
86142,58824,144966
21159,28412,49571
39486,59638,99124
92200,2015,94215
31082,42342,73424
16314,7676,23990
23676,86483,110159
20149,66137,86286
74805,21544,96349
96415,43646,140061
94892,37993,132885
2132,84891,87023
95966,97049,193015
52543,37573,90116
80928,65391,146319
78817,38884,117701
50395,57911,108306
36194,8519,44713
45879,88352,134231
15567,33377,48944
41849,41794,83643
19560,40443,60003
78951,17118,96069
34351,79170,113521
77522,82629,160151
24806,10465,35271
50692,33,50725
42889,10766,53655
63569,92935,156504
45312,34973,80285
79637,56946,136583
91396,12948,104344
89150,99766,188916
49347,53428,102775
61187,2202,63389
94062,97923,191985
61297,95969,157266
91027,55780,146807
14264,90372,104636
45561,8578,54139
35792,53932,89724
38313,55003,93316
8629,98184,106813
13579,83757,97336
92692,82273,174965
21340,60274,81614
41422,59570,100992
4562,59014,63576
1577,91236,92813
29854,61949,91803
28542,283,28825
54208,27937,82145
90136,4405,94541
15203,58713,73916
49758,16116,65874
12421,87066,99487
75313,40689,116002
88092,91843,179935
18359,7600,25959
41837,57597,99434
76473,10813,87286
62537,11436,73973
32248,62087,94335
24603,13063,37666
87019,1095,88114
10627,38899,49526
66581,88131,154712
46567,52703,99270
87690,97274,184964
95635,83184,178819
21616,10074,31690
98204,63177,161381
78515,37036,115551
26984,64204,91188
6815,24586,31401
49229,40325,89554
40877,72426,113303
14629,80296,94925
95650,92405,188055
81541,74730,156271
29553,72705,102258
442,3895,4337
73731,60943,134674
20490,91337,111827
59300,2211,61511
63822,42015,105837
82732,87365,170097
7110,24444,31554
15201,85936,101137
22950,50614,73564
63543,55785,119328
40163,15051,55214
71820,41012,112832
36637,47849,84486
6679,16945,23624
41955,63722,105677
20000,49243,69243
90502,6478,96980
3981,47792,51773
29762,90190,119952
31119,49505,80624
61742,49698,111440
93680,97915,191595
54416,59074,113490
92397,66632,159029
93114,42261,135375
51343,34326,85669
61632,66861,128493
25714,32030,57744
66470,43196,109666
55457,55189,110646
25596,15243,40839
34284,50121,84405
82317,78248,160565
50276,34760,85036
8296,24393,32689
94820,8583,103403
98735,13377,112112
39882,19281,59163
78052,31060,109112
14484,23486,37970
62393,52665,115058
42627,97551,140178
76270,90331,166601
99630,23634,123264
3911,15840,19751
17849,86947,104796
74055,36621,110676
93007,45663,138670
22497,53777,76274
68531,94970,163501
15466,9363,24829
72880,10296,83176
81154,73766,154920
92022,45314,137336
57603,79049,136652
24189,92763,116952
47834,93742,141576
11537,29626,41163
70094,68927,139021
31549,79434,110983
43590,24141,67731
82985,17067,100052
31183,54823,86006
81173,65890,147063
97614,64483,162097
41939,10273,52212
60200,3334,63534
21436,53022,74458
15162,53540,68702
82929,81291,164220
99902,62127,162029
54220,53296,107516
87279,14429,101708
50658,74968,125626
76739,58203,134942
29118,45099,74217
45593,28469,74062
56998,83974,140972
32795,32519,65314
94053,1449,95502
98454,14581,113035
20296,96788,117084
82230,69464,151694
60135,47935,108070
20504,12239,32743
82543,21381,103924
59433,23873,83306
44389,97546,141935
89898,14937,104835
77820,61620,139440
91271,64079,155350
52546,81766,134312
3480,87845,91325
50865,56862,107727
5107,74066,79173
12932,46917,59849
44984,13897,58881
75492,58348,133840
35241,38443,73684
64771,78477,143248
64655,48460,113115
42824,54748,97572
38764,95997,134761
91293,78471,169764
29755,2377,32132
43140,34086,77226
50578,45869,96447
25583,46211,71794
5991,81068,87059
6720,13752,20472
6812,21189,28001
33506,71571,105077
90780,47556,138336
72211,40047,112258
18048,30744,48792
82060,43778,125838
79290,51412,130702
18650,17005,35655
17703,53110,70813
77504,68252,145756
62990,47856,110846
64882,91029,155911
35573,61650,97223
9407,49759,59166
33097,52268,85365
8833,97451,106284
1191,48352,49543
67555,52506,120061
35713,68623,104336
53676,90895,144571
43287,67439,110726
66527,16990,83517
43515,28407,71922
85599,92371,177970
51129,60766,111895
89629,41885,131514
89291,20957,110248
33143,4265,37408
6063,33548,39611
15224,38769,53993
28185,80060,108245
61636,96983,158619
33840,63492,97332
86359,77319,163678
15659,8356,24015
12909,10643,23552
21238,13942,35180
91428,99734,191162
95502,47675,143177
96559,37140,133699
942,7467,8409
56043,64596,120639
91039,3976,95015
42567,31941,74508
56511,73616,130127
98202,55806,154008
23778,95153,118931
90918,33523,124441
9542,87683,97225
27068,58467,85535
77641,27193,104834
77651,46608,124259
2744,95782,98526
85301,64088,149389
98380,41326,139706
3456,74649,78105
47033,32235,79268
19262,80000,99262
88190,11395,99585
54141,80203,134344
28174,56517,84691
14682,63985,78667
79865,83514,163379
71574,22974,94548
13268,7786,21054
19890,92323,112213
40163,63662,103825
41752,55973,97725
6467,58584,65051
93019,43454,136473
94598,95630,190228
76033,21530,97563
82397,64781,147178
64670,70515,135185
52111,45016,97127
29995,95469,125464
72739,38491,111230
86641,60583,147224
63250,11778,75028
85906,13330,99236
60775,61643,122418
2753,5738,8491
99559,24196,123755
95162,70602,165764
58705,26844,85549
50414,76923,127337
52849,60397,113246
99115,13625,112740
79954,42898,122852
73518,23928,97446
93300,26826,120126
30860,34017,64877
50564,22087,72651
72557,97026,169583
13362,96514,109876
69700,90613,160313
46991,45965,92956
87313,79442,166755
65139,40994,106133
77062,49906,126968
2229,41738,43967
155,86572,86727
71302,14966,86268
16473,88200,104673
43147,51433,94580
67542,45710,113252
82411,24144,106555
23238,64936,88174
64270,72818,137088
13819,34006,47825
18007,68423,86430
10491,89921,100412
67840,65634,133474
64487,92663,157150
25271,88679,113950
51830,24648,76478
52563,92909,145472
3239,14106,17345
49172,25727,74899
85960,77444,163404
11195,9402,20597
10134,92268,102402
12300,53124,65424
57594,52716,110310
28284,72610,100894
90050,80683,170733
42665,73499,116164
55091,42942,98033
98706,12483,111189
47570,18575,66145
37102,12417,49519
51251,25036,76287
36661,45160,81821
75930,12916,88846
16505,30253,46758
16635,82182,98817
85225,42242,127467
40010,68658,108668
4932,45121,50053
30734,71392,102126
88945,22629,111574
55715,56600,112315
17863,62800,80663
16532,59414,75946
77568,71169,148737
94438,34305,128743
30378,21195,51573
86160,60371,146531
12531,76200,88731
74300,64292,138592
46554,64407,110961
14464,68664,83128
99777,76947,176724
24249,9652,33901
55694,21510,77204
32216,19472,51688
15644,55982,71626
5539,79067,84606
52826,68243,121069
3547,35122,38669
28117,42616,70733
49948,45362,95310
5962,95639,101601
4357,86122,90479
45698,21577,67275
87113,91246,178359
92360,89589,181949
13859,63114,76973
48150,39415,87565
45168,3524,48692
95585,5825,101410
55281,73550,128831
98970,98566,197536
72970,25025,97995
43564,34397,77961
90919,79029,169948
60857,23476,84333
22009,72078,94087
33082,36970,70052
19788,8232,28020
79015,28746,107761
72641,60414,133055
36000,78169,114169
14574,81275,95849
38912,16250,55162
5377,87766,93143
70857,29325,100182
5920,24328,30248
48531,56682,105213
72683,24200,96883
69806,59782,129588
79513,64047,143560
38904,38837,77741
73213,21031,94244
35186,25144,60330
46815,48563,95378
11904,10720,22624
34271,75294,109565
95949,93179,189128
18485,63748,82233
91240,14262,105502
61850,47211,109061
94766,14528,109294
95365,1220,96585
42924,12290,55214
44279,80857,125136
44735,39950,84685
85174,10828,96002
71465,81131,152596
19935,86843,106778
97516,77349,174865
36848,44974,81822
15928,15643,31571
46720,41768,88488
6959,16018,22977
23151,96015,119166
55744,82627,138371
34066,92306,126372
97745,4055,101800
20033,11521,31554
71573,80533,152106
9881,3669,13550
86668,99543,186211
22822,41602,64424
83901,17897,101798
5835,96367,102202
75715,89971,165686
18568,97395,115963
54671,81251,135922
22609,84355,106964
30547,54437,84984
54520,58805,113325
20961,38952,59913
25405,53587,78992
33932,36840,70772
48859,64808,113667
96651,84442,181093
33511,95297,128808
13002,3593,16595
67106,6963,74069
50939,51496,102435
46801,19516,66317
21183,14907,36090
76756,97653,174409
92192,92765,184957
96438,6312,102750
40273,34509,74782
77296,59520,136816
92207,45887,138094
11093,88620,99713
70760,22116,92876
98366,5789,104155
44371,20236,64607
93720,14936,108656
47129,21592,68721
96598,87768,184366
70789,38923,109712
81621,12498,94119
48041,27645,75686
21535,32858,54393
85794,92822,178616
29097,39488,68585
43884,45709,89593
82604,35848,118452
37052,19639,56691
56095,55740,111835
29754,59758,89512
41574,14831,56405
66013,13713,79726
90247,85034,175281
53835,64419,118254
83806,89788,173594
54037,48060,102097
42720,1935,44655
96904,26574,123478
24215,79081,103296
65808,62059,127867
76509,70190,146699
63193,45321,108514
91277,93971,185248
66929,77271,144200
49637,84113,133750
41408,38484,79892
27911,54188,82099
22669,24210,46879
86731,80595,167326
45820,69161,114981
49468,39055,88523
4027,14990,19017
19759,87296,107055
28924,25100,54024
49876,28808,78684
6705,52749,59454
80444,18790,99234
28937,42851,71788
26653,83236,109889
82368,21999,104367
94893,56002,150895
20982,79573,100555
1141,49088,50229
67450,35453,102903
22934,62203,85137
53902,25645,79547
16342,2477,18819
30027,95953,125980
94530,7631,102161
76683,56569,133252
84635,55170,139805
53671,50303,103974
13019,68881,81900
70591,21032,91623
16662,9027,25689
99802,44114,143916
6076,97392,103468
41152,12089,53241
2780,73062,75842
61383,43209,104592
1408,78376,79784
14737,33672,48409
5897,35358,41255
91138,35713,126851
30385,49781,80166
76486,85707,162193
59194,87255,146449
74810,78938,153748
2471,17974,20445
90570,73054,163624
81356,3537,84893
52675,43830,96505
96110,70114,166224
77298,88278,165576
58389,44879,103268
54766,74689,129455
72498,80775,153273
55228,29106,84334
96503,32391,128894
59837,36028,95865
5205,37543,42748
40558,15926,56484
13663,81830,95493
16701,6105,22806
39566,97507,137073
73443,55613,129056
55108,76080,131188
57986,86946,144932
21195,73943,95138
95044,41827,136871
85352,73675,159027
78690,15531,94221
9425,77345,86770
19248,52882,72130
27052,90533,117585
35787,81224,117011
51919,50513,102432
65578,37982,103560
57824,79235,137059
49725,50835,100560
82105,2481,84586
23615,38801,62416
45035,79339,124374
93447,66410,159857
5629,5677,11306
81354,64761,146115
57179,72903,130082
40367,49863,90230
96813,92283,189096
75492,36523,112015
82335,69381,151716
54641,45870,100511
25757,99549,125306
83021,28945,111966
19851,54636,74487
62099,90309,152408
8278,79999,88277
49397,86569,135966
27423,73006,100429
17081,87398,104479
42361,89184,131545
47654,75212,122866
47097,10955,58052
40819,22012,62831
93481,63345,156826
44332,24888,69220
44611,41619,86230
74482,27951,102433
10332,58991,69323
98848,17050,115898
30498,33500,63998
85275,39575,124850
80825,31163,111988
76004,37948,113952
43280,1396,44676
16922,31089,48011
18528,15510,34038
64144,57281,121425
62868,996,63864
45634,95734,141368
97687,99818,197505
85544,42172,127716
97758,8568,106326
28853,62933,91786
54718,86106,140824
70246,82823,153069
81201,95592,176793
81763,71120,152883
11611,87876,99487
50225,4437,54662
9516,64604,74120
58274,77701,135975
9306,78273,87579
41605,45055,86660
28342,57949,86291
72776,90103,162879
86100,85912,172012
82340,37524,119864
17318,56539,73857
43621,31431,75052
7853,47071,54924
84821,36771,121592
25073,12081,37154
59885,57840,117725
38579,67462,106041
17834,54891,72725
78305,83454,161759
47889,27827,75716
76271,72403,148674
56149,12036,68185
27164,25566,52730
77066,63366,140432
12142,79266,91408
94748,56225,150973
8069,45909,53978
57801,41240,99041
67888,69801,137689
24619,74670,99289
99057,3465,102522
36721,84086,120807
28033,68204,96237
60621,20586,81207
3687,79885,83572
55583,83797,139380
72106,69269,141375
40549,48304,88853
51855,9918,61773
94905,72725,167630
63084,76712,139796
63214,21752,84966
70989,97146,168135
61830,45972,107802
76876,3568,80444
52815,1196,54011
55638,79624,135262
12585,90035,102620
52281,61903,114184
25243,56742,81985
8089,73842,81931
44044,78591,122635
28263,30085,58348
16133,3674,19807
49302,16301,65603
49862,18527,68389
62002,47991,109993
38620,63959,102579
4892,98152,103044
31923,7796,39719
75739,79887,155626
42434,26439,68873
10134,92403,102537
64798,27036,91834
86149,14402,100551
75212,10070,85282
64684,80687,145371
8569,15259,23828
43478,37822,81300
93146,47475,140621
58566,46317,104883
7408,17377,24785
35044,94043,129087
89066,84734,173800
16036,94547,110583
12631,11018,23649
64816,28499,93315
67724,11613,79337
32638,87627,120265
19508,33650,53158
84730,6799,91529
46558,88716,135274
58792,52692,111484
81354,79058,160412
44630,57772,102402
19756,65752,85508
58610,8884,67494
1522,48722,50244
86741,5351,92092
10588,62216,72804
79625,25949,105574
17483,39151,56634
72265,49383,121648
37375,16450,53825
48470,47299,95769
96436,5866,102302
57362,83488,140850
5100,37127,42227
40269,10593,50862
31601,61310,92911
96177,49831,146008
5043,38767,43810
43912,59630,103542
49775,98565,148340
64724,53003,117727
20043,37960,58003
22827,36813,59640
693,70951,71644
36870,93585,130455
4343,11563,15906
22156,38119,60275
67500,96435,163935
21947,5585,27532
40060,3372,43432
10000,29345,39345
76789,86542,163331
7954,18488,26442
47767,57064,104831
93632,84100,177732
33578,89788,123366
63906,37256,101162
91077,13139,104216
33465,88744,122209
63233,40838,104071
21019,216,21235
33789,31744,65533
45125,80445,125570
59519,89549,149068
13445,17816,31261
1430,85781,87211
90135,88235,178370
12581,66753,79334
10504,47342,57846
36126,80286,116412
8928,3926,12854
45310,77526,122836
96916,7960,104876
49153,58412,107565
75902,13908,89810
63427,9775,73202
78866,64000,142866
31217,11755,42972
60622,51009,111631
57197,69912,127109
34760,8998,43758
53426,10384,63810
5307,69406,74713
70887,64217,135104
73833,30066,103899
61280,74372,135652
50791,73350,124141
93242,57315,150557
67409,61274,128683
74400,12793,87193
93128,29632,122760
82931,6365,89296
38387,89031,127418
19295,80537,99832
42031,44203,86234
92838,9110,101948
26985,57874,84859
35254,90748,126002
11349,5727,17076
81444,9313,90757
91750,66971,158721
2028,18099,20127
57648,49566,107214
15113,46931,62044
18820,52397,71217
67899,57015,124914
44803,79991,124794
3050,87758,90808
65459,673,66132
80332,72545,152877
64690,98847,163537
40038,88346,128384
29592,47325,76917
54132,49425,103557
79361,85789,165150
62706,70233,132939
21501,36567,58068
98814,10967,109781
51763,30802,82565
73925,13010,86935
90533,99251,189784
95487,73314,168801
45243,64733,109976
78324,38110,116434
82193,6070,88263
56865,74876,131741
67711,92507,160218
55212,74222,129434
6076,23410,29486
68578,27643,96221
40695,6810,47505
98205,22848,121053
69577,5649,75226
42163,39503,81666
60175,75815,135990
20,47360,47380
65457,10431,75888
96432,7191,103623
24220,6162,30382
98048,7122,105170
37680,50636,88316
84011,15264,99275
44919,35814,80733
2115,93424,95539
43228,19805,63033
11452,67956,79408
70989,19461,90450
65031,79877,144908
62314,22387,84701
43579,67937,111516
70477,764,71241
10349,21356,31705
91954,90623,182577
88336,99418,187754
63578,43035,106613
77794,27904,105698
36226,47697,83923
17913,18200,36113
49829,68386,118215
67254,62172,129426
46244,71691,117935
69768,50657,120425
10633,67247,77880
86851,98683,185534
39092,57055,96147
9166,37060,46226
82282,81496,163778
23446,6172,29618
44871,98774,143645
73882,42883,116765
82494,34345,116839
95573,80944,176517
68253,86515,154768
75259,37600,112859
3690,67040,70730
60393,48332,108725
91720,85975,177695
40253,16199,56452
6844,40144,46988
71849,24353,96202
56740,46803,103543
78442,92086,170528
20108,57250,77358
14725,61612,76337
46535,4534,51069
71265,46791,118056
88840,4412,93252
95081,13136,108217
7076,31586,38662
65110,33943,99053
56709,61646,118355
30110,37952,68062
90344,38711,129055
80403,89481,169884
17593,23906,41499
67509,39544,107053
52867,16702,69569
50025,65756,115781
59649,43626,103275
26724,95628,122352
7857,32967,40824
31194,54846,86040
32177,18593,50770
98162,3533,101695
9694,37070,46764
31202,66065,97267
92103,67855,159958
27710,27612,55322
83054,37368,120422
23367,98062,121429
70590,55334,125924
94875,34137,129012
51351,71294,122645
34681,70536,105217
58289,68037,126326
89024,37329,126353
57388,57667,115055
3548,17525,21073
73810,38396,112206
3591,74346,77937
44787,57696,102483
79125,45224,124349
64344,93511,157855
57519,80091,137610
82557,88435,170992
52055,69743,121798
66154,23670,89824
55524,93798,149322
64861,22994,87855
65427,34775,100202
85066,32635,117701
86367,87469,173836
64890,75660,140550
98106,71609,169715
48638,54366,103004
35000,50268,85268
66301,51199,117500
70812,43343,114155
46285,52413,98698
6438,63649,70087
99423,43485,142908
12633,53096,65729
35381,3381,38762
23765,34791,58556
26653,81975,108628
14344,81156,95500
91698,18117,109815
78673,68799,147472
83506,19974,103480
61364,93869,155233
80242,78102,158344
68675,65884,134559
40867,28195,69062
84870,33982,118852
33003,63822,96825
30356,3411,33767
25725,39856,65581
4465,84463,88928
77156,46215,123371
33967,80664,114631
34409,29011,63420
38858,6161,45019
77800,9184,86984
66517,44798,111315
83211,34506,117717
55737,44500,100237
23721,64958,88679
24200,36503,60703
21504,73381,94885
28455,5812,34267
98849,3815,102664
36207,16829,53036
58682,30589,89271
11386,98492,109878
81205,26080,107285
92362,2895,95257
8827,38792,47619
76769,76468,153237
39882,13990,53872
9226,4498,13724
59793,65904,125697
86857,3648,90505
55463,26329,81792
28757,83374,112131
8968,4199,13167
15550,18566,34116
84698,15835,100533
48551,90564,139115
2548,75568,78116
6260,39455,45715
57376,49567,106943
15283,55797,71080
81526,38282,119808
62302,96379,158681
83977,69992,153969
83634,17490,101124
21983,6968,28951
83839,88231,172070
93631,45249,138880
12490,90787,103277
3486,25188,28674
27423,68464,95887
5651,20880,26531
83745,95373,179118
56206,27615,83821
48197,36706,84903
59479,9099,68578
91536,37144,128680
9484,54362,63846
32103,45291,77394
25555,41954,67509
22272,75911,98183
82727,74828,157555
23283,35694,58977
48275,87298,135573
61834,27033,88867
64037,93722,157759
70259,70526,140785
75624,55392,131016
28118,51810,79928
51996,29924,81920
37853,26714,64567
27091,57023,84114
7348,63538,70886
28231,6429,34660
31919,65511,97430
15442,61729,77171
79574,97909,177483
71736,33464,105200
72768,52312,125080
98678,76646,175324
7057,61688,68745
34676,76291,110967
15181,38517,53698
5887,77666,83553
35097,66240,101337
35318,84703,120021
58784,39789,98573
67607,43863,111470
87461,27008,114469
62035,74357,136392
47472,47541,95013
44377,28550,72927
46616,47608,94224
86410,89482,175892
92608,52041,144649
77661,80586,158247
49015,39869,88884
8411,40519,48930
64348,38271,102619
6413,23593,30006
25734,17753,43487
6261,54099,60360
11365,96909,108274
87770,5195,92965
59330,57921,117251
9295,28863,38158
52574,89934,142508
38483,30323,68806
40964,24513,65477
73964,83230,157194
4377,73272,77649
37769,95281,133050
7126,36788,43914
74257,1556,75813
23457,8531,31988
78316,57206,135522
39039,75409,114448
75923,70592,146515
12876,5711,18587
92508,70233,162741
3354,99310,102664
38782,34920,73702
63201,73548,136749
80909,84556,165465
66786,16038,82824
94688,52046,146734
82048,55175,137223
2180,49518,51698
1817,99150,100967
63638,75899,139537
91658,1809,93467
80575,46867,127442
63952,58811,122763
59747,74304,134051
36523,946,37469
75054,50017,125071
9958,83973,93931
98314,44826,143140
361,23255,23616
46001,82092,128093
342,81553,81895
20945,89765,110710
10676,51094,61770
98091,68085,166176
92079,75836,167915
82246,16087,98333
17462,93839,111301
70060,41314,111374
48083,34608,82691
91276,58766,150042
43887,30585,74472
86923,61803,148726
15917,44007,59924
72727,89620,162347
4525,85920,90445
43562,46824,90386
67641,96753,164394
26042,11705,37747
35365,65055,100420
63245,20340,83585
52876,81768,134644
42911,40998,83909
46015,65062,111077
18647,99707,118354
41716,98766,140482
93608,21863,115471
38676,58172,96848
67527,92240,159767
10080,56188,66268
42820,81035,123855
75545,56942,132487
79490,68917,148407
87920,77506,165426
90262,68876,159138
75419,42131,117550
34754,12334,47088
7100,38583,45683
21781,71521,93302
99844,93443,193287
60318,37413,97731
4836,96099,100935
2280,37060,39340
8235,268,8503
64727,54841,119568
28607,81309,109916
84254,30362,114616
2041,83824,85865
88362,20241,108603
61960,41254,103214
7506,15487,22993
30001,76192,106193
96852,23826,120678
86203,4743,90946
43293,60694,103987
73693,20590,94283
65658,70582,136240
82477,79557,162034
91672,70676,162348
61380,78511,139891
81667,5289,86956
46637,30029,76666
97717,18391,116108
86345,66456,152801
67605,63574,131179
91177,99299,190476
3815,96765,100580
33742,76618,110360
44879,97602,142481
7041,98651,105692
29061,58689,87750
31282,77272,108554
78770,83003,161773
82219,87897,170116
50429,62078,112507
36566,40005,76571
71010,12486,83496
16969,70810,87779
935,1072,2007
21554,46503,68057
27025,24892,51917
95206,55143,150349
87096,333,87429
92620,56514,149134
86146,86738,172884
4402,56075,60477
52821,91521,144342
75250,52145,127395
10795,28858,39653
74802,44343,119145
18814,34156,52970
24858,59996,84854
25922,74766,100688
16012,99940,115952
96797,84220,181017
942,38394,39336
37245,78019,115264
11948,69705,81653
57500,64338,121838
74084,15746,89830
10622,45787,56409
84198,22859,107057
84603,16645,101248
80053,28364,108417
23588,30465,54053
51465,57419,108884
59118,19763,78881
74957,56331,131288
61608,5163,66771
41727,60234,101961
96453,41008,137461
89224,27267,116491
7388,16413,23801
77515,20168,97683
31240,57871,89111
19469,59769,79238
12861,69053,81914
36997,43667,80664
17650,51728,69378
41072,31453,72525
15549,39288,54837
66175,20196,86371
71259,28468,99727
58529,40617,99146
41295,25936,67231
39705,98080,137785
84296,82931,167227
43121,76839,119960
20094,68533,88627
28334,37292,65626
58701,50314,109015
41067,30808,71875
95295,19165,114460
76217,34414,110631
11105,98530,109635
32503,44092,76595
88757,42052,130809
96821,90030,186851
20595,56970,77565
27437,30149,57586
93580,6771,100351
28227,35502,63729
16258,9309,25567
2158,58867,61025
55075,88550,143625
29849,60725,90574
93165,8414,101579
74805,33844,108649
2527,42589,45116
12005,50054,62059
51284,37417,88701
66814,61782,128596
38950,13167,52117
57465,11030,68495
61855,64807,126662
27108,57394,84502
76530,38860,115390
21074,16349,37423
34386,41717,76103
60648,24210,84858
55184,68408,123592
69836,89850,159686
71592,79027,150619
67907,32192,100099
82438,20412,102850
88077,37045,125122
38826,24549,63375
65855,16752,82607
38659,72714,111373
36372,8763,45135
32790,70563,103353
31459,37083,68542
42137,99691,141828
85685,1016,86701
35373,62917,98290
86369,31265,117634
17863,81924,99787
29592,68419,98011
24510,25396,49906
46739,36318,83057
24098,74433,98531
74569,27649,102218
86453,76549,163002
44185,18323,62508
24987,3134,28121
71592,63326,134918
25332,79179,104511
13061,13466,26527
4412,79160,83572
37619,63748,101367
53459,27603,81062
7004,30803,37807
35321,56373,91694
41686,55198,96884
10346,98024,108370
1694,74940,76634
30252,88295,118547
75807,323,76130
35424,46761,82185
48841,19471,68312
19653,83691,103344
72616,8665,81281
48253,64427,112680
24301,32495,56796
29557,99247,128804
29015,50324,79339
19554,31576,51130
50940,61911,112851
11401,93903,105304
35488,2188,37676
64155,54832,118987
50646,26354,77000
11835,7701,19536
29712,39596,69308
10755,46465,57220
34528,18205,52733
95419,685,96104
29841,87607,117448
59879,25328,85207
32183,17627,49810
78855,64518,143373
27389,45737,73126
72012,55609,127621
20386,20595,40981
36522,31016,67538
7796,33790,41586
37097,41426,78523
73148,32524,105672
4079,99859,103938
68043,1235,69278
13157,53171,66328
53200,65289,118489
2840,73725,76565
46268,77016,123284
90914,39,90953
66776,65146,131922
69414,67248,136662
68745,7901,76646
1351,30186,31537
98214,43856,142070
39892,32698,72590
92771,36577,129348
6222,34993,41215
92589,6780,99369
85354,65004,150358
64115,46774,110889
64363,55388,119751
29396,808,30204
49185,48902,98087
30417,13950,44367
80272,56997,137269
4897,34244,39141
29560,15703,45263
55951,64372,120323
25913,26994,52907
34299,61427,95726
84323,3471,87794
1286,81762,83048
12021,40133,52154
63519,92904,156423
5675,78975,84650
63690,98611,162301
1964,56558,58522
93303,55293,148596
39719,36585,76304
24469,27983,52452
16041,99578,115619
1873,45398,47271
94541,65207,159748
49635,86367,136002
38504,71108,109612
59761,53969,113730
91930,57477,149407
50598,31148,81746
65754,77905,143659
80325,26575,106900
42156,27247,69403
83500,21821,105321
29835,19580,49415
30349,8352,38701
97382,96256,193638
99369,1696,101065
57939,17784,75723
98748,12686,111434
64018,57598,121616
76866,29191,106057
68094,69869,137963
90958,26267,117225
89398,26080,115478
8138,91613,99751
63303,62912,126215
83688,20778,104466
9581,72220,81801
43016,1338,44354
66312,21522,87834
91080,87693,178773
23866,56595,80461
57204,85646,142850
97709,48729,146438
43264,56630,99894
97932,91140,189072
71235,82311,153546
18330,41405,59735
42756,4003,46759
23632,7756,31388
77437,54606,132043
87742,25583,113325
82050,65250,147300
84070,9325,93395
18403,13844,32247
86366,43181,129547
39107,4286,43393
66001,83132,149133
89734,84606,174340
8244,34721,42965
12911,72069,84980
5622,95313,100935
89005,23649,112654
77873,92492,170365
1156,73211,74367
82459,11972,94431
30925,17866,48791
10315,73051,83366
53204,61117,114321
89088,6720,95808
67868,81751,149619
10652,95808,106460
55815,86330,142145
36908,31130,68038
14511,13584,28095
32412,4666,37078
68245,73988,142233
96855,15214,112069
34778,51885,86663
58151,23141,81292
84351,58211,142562
45997,79240,125237
81819,34007,115826
42217,57885,100102
81108,25576,106684
55152,7144,62296
1224,74534,75758
75603,3868,79471
28599,83115,111714
56378,40763,97141
91616,42147,133763
4960,24244,29204
95863,70410,166273
85554,28318,113872
92357,38774,131131
65790,11585,77375
16900,39238,56138
76723,92648,169371
42545,66361,108906
14273,43480,57753
51483,99009,150492
80243,51712,131955
20678,69635,90313
47775,64505,112280
12337,831,13168
11632,59864,71496
87246,64736,151982
17259,2017,19276
69475,44644,114119
11234,64444,75678
25476,93564,119040
91567,89228,180795
51098,89900,140998
6762,37354,44116
75546,28692,104238
117,11885,12002
5220,19110,24330
81414,24732,106146
33111,61318,94429
47455,9981,57436
4634,79546,84180
35985,10864,46849
48053,40341,88394
25697,12719,38416
85131,54711,139842
61464,35950,97414
91707,72840,164547
52062,61806,113868
98451,67460,165911
45203,89665,134868
78158,30191,108349
55254,77731,132985
93505,24433,117938
35673,73595,109268
86966,45008,131974
96184,31193,127377
1496,75116,76612
23349,88786,112135
99074,20592,119666
835,30162,30997
3429,82178,85607
93024,30156,123180
16462,53787,70249
44623,83801,128424
49995,39623,89618
33658,68451,102109
65324,81921,147245
93771,71685,165456
75107,18705,93812
32691,41270,73961
49088,21852,70940
15270,76482,91752
18988,50,19038
80078,30835,110913
33404,33710,67114
64952,6572,71524
59904,4474,64378
47890,96690,144580
50144,90668,140812
31280,72221,103501
60778,22597,83375
21809,80916,102725
27692,19608,47300
11221,19935,31156
48078,94040,142118
59943,58400,118343
58974,27068,86042
59207,13142,72349
43233,66598,109831
35004,19022,54026
3789,50943,54732
5398,92851,98249
60339,48161,108500
79451,41522,120973
50811,75942,126753
78675,63515,142190
91632,6376,98008
34044,5624,39668
44995,59858,104853
34992,17781,52773
9918,31964,41882
59389,84639,144028
14929,15177,30106
2657,39558,42215
75377,60580,135957
13122,6994,20116
84516,59805,144321
14209,95343,109552
67066,12228,79294
95711,11405,107116
26425,19690,46115
92493,80073,172566
49242,40061,89303
40549,11183,51732
46330,69222,115552
8607,75369,83976
72264,38997,111261
52562,82063,134625
64073,30074,94147
60158,82919,143077
40819,45591,86410
3930,26683,30613
77688,33173,110861
12787,51401,64188
37272,76039,113311
31295,28209,59504
37178,11639,48817
21414,3304,24718
38838,14516,53354
89441,74636,164077
67304,92771,160075
18466,28834,47300
33791,38840,72631
83107,57125,140232
29182,78531,107713
81094,48753,129847
10569,70879,81448
16564,20740,37304
17200,18343,35543
89171,32567,121738
56587,88639,145226
49320,36486,85806
98843,14344,113187
59416,37468,96884
86492,54456,140948
54100,22308,76408
95502,84466,179968
68787,57849,126636
37100,2165,39265
76048,29458,105506
66066,26485,92551
13101,5771,18872
45128,99070,144198
99115,34351,133466
47263,91050,138313
57612,25725,83337
23052,3483,26535
63876,4309,68185
64518,99562,164080
48186,38939,87125
37821,74447,112268
34037,17517,51554
70002,47380,117382
49129,30909,80038
25350,39461,64811
53001,17079,70080
75963,12078,88041
30812,76715,107527
90222,28862,119084
58094,71680,129774
40322,29835,70157
83752,35051,118803
25516,68031,93547
54976,986,55962
56454,6128,62582
74178,76160,150338
29858,7036,36894
60985,66884,127869
83673,2031,85704
50808,33417,84225
89875,74595,164470
61386,97809,159195
32024,79464,111488
62746,36849,99595
98760,38260,137020
81193,99383,180576
99479,43608,143087
34206,82194,116400
10171,93907,104078
37207,65818,103025
66997,95564,162561
28202,31882,60084
29168,98979,128147
55571,47042,102613
40193,11468,51661
20770,83693,104463
12116,43408,55524
69351,54747,124098
72497,7326,79823
26517,98218,124735
97715,19483,117198
23800,72709,96509
75085,64061,139146
61139,58308,119447
94159,28386,122545
22122,30194,52316
22088,9228,31316
74063,62321,136384
77734,25943,103677
25807,12448,38255
39345,39017,78362
45147,40991,86138
85392,53481,138873
25020,75308,100328
95492,86599,182091
93252,2367,95619
20988,87595,108583
30393,29714,60107
30596,51510,82106
19670,27580,47250
92196,52851,145047
4231,32792,37023
59066,22158,81224
43743,89727,133470
48585,69875,118460
7193,82390,89583
86912,69914,156826
5427,57251,62678
6013,47518,53531
49925,15722,65647
57371,9205,66576
49320,76195,125515
37019,70563,107582
67859,77579,145438
24823,80117,104940
46327,65041,111368
99869,10946,110815
82167,1527,83694
86981,71082,158063
18475,96599,115074
60316,67191,127507
30791,26174,56965
85058,624,85682
40310,13341,53651
92574,34125,126699
69086,81205,150291
51012,61524,112536
17162,51868,69030
31313,20336,51649
6226,89022,95248
37244,36274,73518
4935,85483,90418
98808,94298,193106
38707,68730,107437
36668,17871,54539
54457,20348,74805
94621,15180,109801
20747,3794,24541
31669,5138,36807
33045,11229,44274
1402,20451,21853
26219,67235,93454
34376,13366,47742
60930,72687,133617
99203,42550,141753
65350,47290,112640
4960,60375,65335
70350,95816,166166
5878,76236,82114
29795,56525,86320
75459,72826,148285
8750,13326,22076
74054,95337,169391
61742,63170,124912
90684,22865,113549
12554,50945,63499
88186,82101,170287
32176,68509,100685
15093,96142,111235
42125,38113,80238
34108,69535,103643
84809,14472,99281
48119,13480,61599
69697,60010,129707
2726,98693,101419
24792,35692,60484
6136,21330,27466
637,48483,49120
16351,13981,30332
61048,23492,84540
80678,72317,152995
50652,9336,59988
66858,95842,162700
47946,5098,53044
44741,47733,92474
80533,34164,114697
91200,23174,114374
75120,96643,171763
77572,45376,122948
38689,66505,105194
94926,56976,151902
10233,74739,84972
6922,76790,83712
57019,70463,127482
36712,39167,75879
55171,8909,64080
76006,59597,135603
67975,75474,143449
18801,98090,116891
30057,64957,95014
37050,4228,41278
18371,71398,89769
71938,5305,77243
87200,1070,88270
15518,57479,72997
56167,88358,144525
13920,45866,59786
53024,3427,56451
42731,92900,135631
76545,42950,119495
24541,91424,115965
42003,82708,124711
52007,8589,60596
10023,76671,86694
3961,35228,39189
37454,77587,115041
83250,83554,166804
77603,26317,103920
1636,70930,72566
78852,3759,82611
84696,63866,148562
24880,72008,96888
8979,41725,50704
18283,96548,114831
42745,66021,108766
47686,192,47878
62001,44654,106655
4331,31299,35630
52842,23129,75971
65036,84054,149090
20970,66273,87243
36441,49906,86347
41368,78979,120347
96883,95628,192511
25467,76881,102348
36474,45195,81669
35262,30755,66017
8723,61600,70323
95794,8554,104348
50944,52152,103096
13684,37491,51175
72766,51362,124128
19216,74780,93996
23668,21562,45230
76636,58729,135365
81921,92233,174154
44109,68170,112279
50670,32211,82881
54822,47834,102656
88040,95648,183688
65188,97864,163052
64164,55092,119256
73288,93754,167042
47520,79377,126897
81050,91793,172843
35682,36453,72135
85911,67752,153663
49694,97723,147417
20602,65435,86037
79212,1583,80795
28436,9009,37445
5129,32745,37874
21677,99192,120869
22719,59793,82512
46536,94668,141204
45752,12716,58468
84915,54051,138966
65795,98848,164643
52742,82308,135050
43212,49783,92995
8280,88066,96346
31865,84385,116250
15050,51248,66298
87016,61605,148621
76619,62247,138866
55392,59309,114701
22762,61857,84619
72170,16027,88197
25912,26652,52564
2056,77630,79686
62615,60798,123413
84041,7718,91759
98447,3835,102282
67901,73847,141748
55971,86978,142949
9820,26033,35853
6128,94119,100247
3351,43289,46640
94511,47093,141604
63934,35531,99465
59380,24059,83439
81946,27616,109562
70729,15742,86471
57078,10366,67444
39748,27409,67157
96268,56481,152749
65075,66975,132050
88557,67970,156527
4242,8808,13050
47130,1220,48350
14464,10848,25312
96052,79947,175999
36523,7917,44440
47398,17989,65387
48812,69359,118171
81530,31433,112963
28276,82775,111051
55872,68753,124625
10878,65435,76313
46506,10327,56833
46208,44722,90930
95512,86975,182487
28211,87067,115278
14902,19022,33924
25076,38109,63185
71784,517,72301
6184,98207,104391
44166,80047,124213
41795,60604,102399
43324,57346,100670
99497,31848,131345
30441,76028,106469
95205,42038,137243
75885,60731,136616
9981,95821,105802
38836,59539,98375
52299,41862,94161
94485,88489,182974
96539,44170,140709
58157,57137,115294
89270,97037,186307
29321,88074,117395
15277,42653,57930
48063,44709,92772
63092,92852,155944
88771,50769,139540
62673,6372,69045
41437,36690,78127
52921,60473,113394
67636,94579,162215
11636,88613,100249
24605,29446,54051
46718,85952,132670
87471,28431,115902
33794,23333,57127
85604,67119,152723
77311,62770,140081
79032,37531,116563
41874,15213,57087
13879,79385,93264
33971,38439,72410
40248,30273,70521
79662,96580,176242
24158,59753,83911
10117,90414,100531
69876,71898,141774
62916,25253,88169
31706,65348,97054
75026,98681,173707
36306,74113,110419
1057,47129,48186
44565,91824,136389
16517,89946,106463
64997,62686,127683
89954,80858,170812
74353,99357,173710
66043,45320,111363
16971,39592,56563
21360,28516,49876
69069,21235,90304
92293,93547,185840
51408,18050,69458
7418,72189,79607
27547,63253,90800
7196,30677,37873
52591,14402,66993
42169,39021,81190
32193,89118,121311
21346,60805,82151
10990,56170,67160
67420,28396,95816
75079,14568,89647
60721,20767,81488
49376,8545,57921
20981,65872,86853
2858,33807,36665
33917,60389,94306
80622,38384,119006
69526,15280,84806
59831,35798,95629
93541,8571,102112
32326,59072,91398
16532,10628,27160
26289,65964,92253
80905,68209,149114
14389,16834,31223
53160,67375,120535
1084,58836,59920
83458,91063,174521
22747,89842,112589
91327,51378,142705
83977,33349,117326
48223,81750,129973
76314,83666,159980
92644,17141,109785
66187,19800,85987
53791,27258,81049
74267,66599,140866
69623,85017,154640
39861,61055,100916
63696,31265,94961
83671,40197,123868
31075,52446,83521
22384,83881,106265
30125,23272,53397
69569,91576,161145
25527,72250,97777
1416,91712,93128
66954,79855,146809
93628,87252,180880
40976,58499,99475
31554,60652,92206
62811,21556,84367
16033,89952,105985
96158,86280,182438
92759,75535,168294
73518,4885,78403
41131,66280,107411
27477,63706,91183
98893,82763,181656
50039,48850,98889
73431,68610,142041
58214,52490,110704
82916,87712,170628
1939,96783,98722
85906,15535,101441
58545,3346,61891
73955,81964,155919
71301,7373,78674
84912,84596,169508
47212,13033,60245
82218,25498,107716
7009,73001,80010
71028,50536,121564
75795,11182,86977
42909,80386,123295
70338,36116,106454
48754,30449,79203
72254,54674,126928
19782,59302,79084
8765,90870,99635
10579,44486,55065
16760,32516,49276
7952,76177,84129
57437,29312,86749
50009,66931,116940
61433,40293,101726
42489,44765,87254
43775,73762,117537
94300,42554,136854
91776,7854,99630
65218,46899,112117
41181,95738,136919
80405,85316,165721
57621,56423,114044
11156,21772,32928
69478,38355,107833
48734,31971,80705
76733,18603,95336
73483,39040,112523
5699,28892,34591
37727,20321,58048
57933,43908,101841
80774,6844,87618
33450,34562,68012
37034,92272,129306
45440,19100,64540
68585,7496,76081
43366,9165,52531
51142,11175,62317
54562,74333,128895
21212,83851,105063
37911,47581,85492
28600,7676,36276
17807,53217,71024
77722,84241,161963
88166,61316,149482
77879,79519,157398
15496,31532,47028
63058,62640,125698
11686,93560,105246
43354,17513,60867
15929,13301,29230
16049,23682,39731
13119,31434,44553
87883,76457,164340
54353,14542,68895
32766,28955,61721
38045,89242,127287
40425,3247,43672
63214,54909,118123
48472,85380,133852
41800,11544,53344
89559,75902,165461
78712,93923,172635
57787,74130,131917
96344,22394,118738
86232,8981,95213
34181,95326,129507
59738,47399,107137
96038,28607,124645
95810,16973,112783
54042,93044,147086
29202,30423,59625
30064,68233,98297
58096,59962,118058
56187,75964,132151
45849,51979,97828
81965,89379,171344
53758,77242,131000
43262,85989,129251
38385,11083,49468
42951,35683,78634
79825,54735,134560
42715,1004,43719
41943,42426,84369
53833,52013,105846
68672,96282,164954
29115,18653,47768
1095,89623,90718
63741,42370,106111
11801,857,12658
30225,69045,99270
28990,76882,105872
733,49135,49868
84391,7280,91671
78355,33874,112229
52794,74317,127111
28751,62101,90852
52436,13039,65475
52533,36944,89477
35234,1537,36771
43082,86873,129955
75957,96696,172653
53093,97802,150895
16278,17181,33459
80902,98821,179723
503,46299,46802
92879,48439,141318
63228,79653,142881
13894,19811,33705
55848,85118,140966
37383,95684,133067
66166,6188,72354
65598,24405,90003
46481,66230,112711
95822,202,96024
60936,53978,114914
22156,55791,77947
24547,35591,60138
17044,9082,26126
4678,89105,93783
99566,96649,196215
32426,30946,63372
17667,80009,97676
81137,55792,136929
5311,27423,32734
67661,29947,97608
64875,82600,147475
81534,31058,112592
34428,56619,91047
86803,48213,135016
35926,62832,98758
3731,26605,30336
45790,28453,74243
70208,60679,130887
20760,98923,119683
9787,47667,57454
90613,22908,113521
51575,37468,89043
74104,93740,167844
25023,3320,28343
64779,76796,141575
31407,48840,80247
54020,41325,95345
34204,80902,115106
54814,61836,116650
30201,24570,54771
20988,16242,37230
17518,88826,106344
97533,28377,125910
56801,15509,72310
53602,96586,150188
39853,29144,68997
70845,30895,101740
75790,86693,162483
68537,7293,75830
59888,29158,89046
54606,17256,71862
53025,23989,77014
22529,49005,71534
73009,89861,162870
43734,8152,51886
68108,6238,74346
62657,94524,157181
69461,7136,76597
20102,76153,96255
60823,3024,63847
41163,79843,121006
9631,21846,31477
87858,46318,134176
28208,19299,47507
58078,95673,153751
99525,91324,190849
32068,17180,49248
53832,95119,148951
12730,62769,75499
31109,58095,89204
13290,59728,73018
42874,22679,65553
10897,99192,110089
1066,77343,78409
77568,5006,82574
79833,54649,134482
35472,47405,82877
32905,96493,129398
11144,35066,46210
18351,64085,82436
93318,96419,189737
74210,72836,147046
17330,57242,74572
93130,43265,136395
18744,72312,91056
33162,71822,104984
96387,53739,150126
66583,46507,113090
24956,29464,54420
4826,99327,104153
21778,31187,52965
42466,95748,138214
48641,58293,106934
45180,50771,95951
27125,41965,69090
6824,91856,98680
40800,37659,78459
29961,18566,48527
32844,7008,39852
50582,83382,133964
89834,16762,106596
20929,37316,58245
9883,10575,20458
35556,14339,49895
49932,38853,88785
6799,53775,60574
5993,25328,31321
48955,21064,70019
69256,15293,84549
41890,18771,60661
99427,98848,198275
71074,12712,83786
38379,88658,127037
30926,48066,78992
28568,12053,40621
46322,77635,123957
11659,11622,23281
23337,66297,89634
6824,47541,54365
56775,69963,126738
54259,1890,56149
97619,83255,180874
72951,4055,77006
13547,25815,39362
63432,69868,133300
13296,13443,26739
43033,82663,125696
87203,89619,176822
9711,75299,85010
10120,63785,73905
46188,30633,76821
99516,89783,189299
88963,78585,167548
81037,57404,138441
20207,95195,115402
89107,91394,180501
99335,69390,168725
67669,50991,118660
65633,19068,84701
32620,19429,52049
3356,24016,27372
63557,54829,118386
63985,98386,162371
72691,90067,162758
66155,13094,79249
60016,71011,131027
72120,63825,135945
46294,23701,69995
93173,72805,165978
47120,95927,143047
20909,86293,107202
72557,36286,108843
33799,80173,113972
14851,26722,41573
63232,80584,143816
38738,87559,126297
39551,4627,44178
66468,81264,147732
92617,70602,163219
15251,90110,105361
12478,80235,92713
45140,70438,115578
15904,302,16206
38165,66684,104849
9137,22775,31912
32274,72696,104970
84827,37084,121911
26523,33999,60522
13481,58942,72423
86902,31498,118400
24605,45502,70107
69798,82023,151821
86924,19504,106428
84968,94782,179750
3075,43553,46628
48685,21941,70626
2848,23770,26618
15161,35272,50433
8440,71513,79953
1523,5104,6627
85260,27973,113233
84368,18817,103185
29558,40273,69831
57258,31638,88896
25169,55851,81020
68163,12442,80605
69938,29022,98960
18680,77895,96575
73942,41738,115680
33167,89639,122806
6240,21094,27334
88460,33810,122270
55725,61565,117290
7925,94238,102163
60062,54364,114426
82233,71281,153514
50642,68272,118914
96918,968,97886
20733,3763,24496
78992,94402,173394
43398,66219,109617
5528,78675,84203
82900,52991,135891
95201,503,95704
65388,59093,124481
52610,11090,63700
41893,99146,141039
15177,85882,101059
5495,63445,68940
18479,86354,104833
12266,57511,69777
84041,90585,174626
11307,76092,87399
72109,82909,155018
50752,93135,143887
18801,68486,87287
96015,37639,133654
19903,24535,44438
68160,81400,149560
44881,83152,128033
89947,15998,105945
34704,75392,110096
15705,62692,78397
92702,23130,115832
68190,55590,123780
77308,41811,119119
99889,31418,131307
72703,53961,126664
907,33397,34304
13266,19559,32825
87558,99286,186844
45826,33858,79684
59755,62888,122643
45017,92372,137389
78987,54683,133670
13502,90597,104099
72015,78889,150904
50037,75485,125522
92768,64438,157206
56262,71662,127924
75574,18425,93999
58741,62400,121141
5898,39665,45563
96383,18467,114850
36233,30208,66441
28049,62648,90697
76968,87265,164233
15430,41276,56706
24987,10831,35818
13434,74178,87612
92417,75165,167582
3484,91492,94976
87032,71364,158396
26343,24972,51315
61801,3358,65159
74101,33632,107733
26240,19841,46081
28038,21883,49921
63707,39093,102800
7569,65094,72663
84799,77450,162249
60356,72658,133014
80338,14888,95226
82330,94713,177043
65987,96635,162622
43137,98101,141238
64710,21208,85918
20036,65563,85599
48753,33166,81919
6898,13104,20002
65917,82909,148826
35912,47581,83493
71300,17813,89113
86393,58096,144489
83145,68886,152031
76483,53519,130002
91007,39324,130331
31282,70657,101939
42608,59919,102527
14890,73561,88451
80136,72111,152247
24534,1763,26297
87654,94763,182417
55233,77852,133085
79533,49599,129132
21061,3872,24933
86034,28376,114410
50149,32237,82386
12803,94547,107350
60931,28267,89198
32757,9597,42354
51706,18145,69851
98305,3618,101923
61648,77345,138993
22597,93537,116134
8375,59353,67728
74070,54309,128379
61318,61601,122919
71167,20036,91203
37449,54206,91655
32347,16676,49023
52876,18631,71507
57752,65856,123608
67730,32787,100517
45376,85779,131155
10284,95153,105437
44065,48919,92984
23366,28726,52092
26041,16597,42638
83782,38306,122088
75937,94201,170138
41893,10974,52867
37501,65485,102986
98507,36938,135445
44660,45689,90349
9316,87139,96455
1837,27272,29109
4391,49618,54009
27009,29023,56032
61073,93159,154232
28063,93094,121157
87794,34362,122156
23536,84543,108079
57432,54138,111570
40195,18840,59035
25261,4565,29826
95820,96114,191934
65850,48036,113886
66180,76244,142424
13579,60969,74548
52823,21918,74741
92431,21476,113907
65696,82682,148378
43127,25462,68589
78801,94367,173168
55531,28193,83724
42088,59954,102042
31080,27251,58331
73552,49987,123539
48175,88572,136747
7712,93944,101656
55479,50355,105834
34825,64646,99471
34662,26669,61331
55330,57369,112699
39312,93904,133216
83318,71667,154985
38976,76069,115045
90188,44754,134942
39376,79088,118464
45049,85863,130912
99837,40127,139964
16197,35660,51857
14091,2711,16802
27507,12975,40482
6243,52645,58888
49316,56185,105501
91213,72913,164126
96515,37073,133588
51824,24735,76559
96179,85483,181662
80634,97205,177839
3846,29137,32983
55612,10121,65733
79839,44895,124734
89795,55678,145473
25421,78181,103602
26175,45581,71756
38627,12662,51289
62322,50022,112344
13500,12701,26201
43738,35475,79213
24170,33219,57389
89377,24581,113958
99595,57066,156661
62670,15277,77947
69629,35391,105020
79130,5236,84366
21082,91009,112091
61634,32262,93896
70053,62031,132084
40168,30294,70462
75262,9759,85021
22568,27709,50277
5410,31589,36999
15843,30770,46613
66527,96986,163513
81518,29677,111195
52904,16046,68950
24870,19018,43888
91485,40796,132281
26266,56300,82566
65331,61564,126895
47112,24395,71507
98879,41353,140232
19538,51777,71315
3798,51063,54861
14666,65819,80485
48481,1190,49671
11390,75005,86395
83060,46655,129715
87166,48377,135543
61280,99621,160901
62405,97327,159732
84830,65329,150159
89471,44573,134044
80689,40008,120697
13740,23052,36792
70665,36728,107393
53563,99702,153265
15273,27880,43153
85892,49713,135605
95490,97298,192788
54301,90434,144735
30755,92027,122782
72902,67601,140503
15149,89094,104243
42203,18364,60567
41383,1076,42459
62791,95093,157884
54236,86138,140374
7726,84389,92115
3980,23473,27453
97149,69109,166258
46175,57238,103413
50895,22310,73205
20635,32954,53589
74593,67290,141883
34695,47938,82633
21966,88409,110375
8858,47067,55925
41297,509,41806
98401,28290,126691
61827,71729,133556
68427,42571,110998
71465,58392,129857
78455,36041,114496
97094,13410,110504
92867,98171,191038
67807,21192,88999
62703,69229,131932
6936,65993,72929
85192,73531,158723
8557,13492,22049
43201,27455,70656
70602,12314,82916
38750,84860,123610
88056,16580,104636
23312,12166,35478
16853,93997,110850
48049,83283,131332
64521,41062,105583
94600,84546,179146
98420,29022,127442
82025,78775,160800
73176,57184,130360
53505,1759,55264
19505,1064,20569
87097,82147,169244
71371,6793,78164
16565,50551,67116
59911,60193,120104
24502,72086,96588
39644,24665,64309
41450,3399,44849
22788,20776,43564
99644,93545,193189
57976,83261,141237
45197,19825,65022
4917,55368,60285
51325,86229,137554
94663,75109,169772
41605,46373,87978
38597,7484,46081
56421,52858,109279
20512,45305,65817
9905,80451,90356
72889,9221,82110
71511,11097,82608
86192,49317,135509
37667,75968,113635
12020,46427,58447
12019,13337,25356
89198,245,89443
50247,58604,108851
56165,40915,97080
24331,76897,101228
54596,19095,73691
8310,83355,91665
31454,17863,49317
18830,99264,118094
46765,23039,69804
50280,13650,63930
35946,12964,48910
34470,11034,45504
21682,22236,43918
2967,2182,5149
1790,32439,34229
77981,72756,150737
65338,66912,132250
52871,7508,60379
75334,73545,148879
96709,65988,162697
91386,71080,162466
6460,95493,101953
82943,28253,111196
60991,35909,96900
5253,98895,104148
21919,42121,64040
82206,87511,169717
308,51355,51663
60346,61947,122293
25845,38009,63854
92231,26403,118634
94794,32762,127556
84341,19622,103963
33137,49645,82782
91201,15376,106577
99427,36597,136024
18996,41463,60459
95174,49539,144713
58225,63150,121375
55627,23997,79624
23407,10239,33646
36397,59813,96210
69574,11734,81308
4463,4013,8476
91507,77512,169019
61591,65521,127112
31125,52938,84063
28358,27954,56312
50836,29081,79917
79619,34478,114097
76802,24909,101711
77540,12340,89880
83257,36892,120149
95640,2032,97672
19785,30376,50161
95368,34356,129724
22356,64394,86750
38409,72779,111188
68304,59018,127322
41425,2933,44358
59231,79532,138763
5881,60554,66435
95183,65310,160493
73430,75129,148559
89447,24756,114203
60920,34662,95582
50184,33901,84085
98075,72065,170140
49296,88372,137668
53863,20889,74752
44933,66251,111184
61206,70665,131871
24930,19799,44729
87340,61774,149114
27483,37629,65112
45817,99102,144919
66979,50788,117767
42952,43634,86586
52631,12131,64762
63837,53070,116907
87226,96168,183394
6940,82643,89583
98578,14460,113038
74333,22108,96441
70217,73623,143840
60623,53065,113688
37757,85451,123208
33866,49232,83098
54828,62521,117349
59756,3257,63013
21079,2490,23569
11115,17617,28732
35558,79393,114951
36651,84075,120726
87904,96070,183974
13700,57278,70978
64323,83700,148023
43189,82405,125594
63260,73486,136746
40659,88807,129466
15030,62452,77482
30255,4680,34935
40351,7002,47353
23927,35699,59626
28741,71017,99758
17081,44601,61682
10395,38581,48976
18020,50445,68465
79344,37449,116793
63947,90064,154011
60162,62467,122629
17703,92333,110036
60745,58229,118974
25872,61742,87614
59025,15700,74725
26169,86423,112592
98644,84465,183109
76236,48697,124933
86593,86480,173073
46308,17821,64129
22713,29416,52129
37985,33617,71602
49777,22275,72052
56733,16845,73578
46491,58867,105358
57913,94099,152012
31695,23647,55342
36378,56485,92863
10777,49371,60148
97522,68726,166248
84798,40241,125039
16162,86674,102836
87634,77971,165605
4319,64649,68968
16591,58872,75463
708,40030,40738
76649,29034,105683
61452,93109,154561
2170,20064,22234
57854,16642,74496
57427,24933,82360
67528,69350,136878
96720,93943,190663
96719,37403,134122
34118,21905,56023
45263,95247,140510
87739,9764,97503
52244,99975,152219
8110,15057,23167
92661,40226,132887
30212,71802,102014
28710,5931,34641
97139,84130,181269
27326,72893,100219
98904,626,99530
10883,16099,26982
24095,99315,123410
62646,56005,118651
87949,56300,144249
58811,66295,125106
7044,57307,64351
39454,43463,82917
11620,84077,95697
70904,37703,108607
19450,84236,103686
24267,38820,63087
82354,56372,138726
45573,78238,123811
47951,88763,136714
6563,82737,89300
52647,56170,108817
4135,62839,66974
31553,46242,77795
76058,15859,91917
20239,85701,105940
48003,21547,69550
17990,2891,20881
29015,72821,101836
92598,21455,114053
79948,4764,84712
32508,18330,50838
96172,65375,161547
65413,79492,144905
10802,97905,108707
95782,56100,151882
26564,96059,122623
51594,14776,66370
18015,17809,35824
84992,99252,184244
28654,54547,83201
42994,35710,78704
59921,33373,93294
92648,49919,142567
7996,89296,97292
35297,68225,103522
10236,37688,47924
81454,95331,176785
22244,20465,42709
53550,59877,113427
42708,1067,43775
98684,19055,117739
97749,83073,180822
31968,54636,86604
68275,5519,73794
49156,41782,90938
14138,53330,67468
62332,10760,73092
6403,37975,44378
5542,14998,20540
13856,60244,74100
1364,32610,33974
3422,97275,100697
96888,90849,187737
69117,5257,74374
56839,11284,68123
686,34668,35354
43908,66691,110599
96352,36490,132842
13267,29847,43114
75879,36397,112276
99841,15800,115641
65919,9199,75118
61288,67817,129105
78874,20578,99452
57725,23046,80771
65839,12170,78009
62704,20707,83411
48113,14104,62217
43295,35546,78841
41425,56793,98218
61586,38055,99641
82006,51962,133968
52928,17201,70129
65562,64959,130521
91240,22412,113652
21955,58849,80804
60415,32555,92970
10939,30192,41131
33850,73796,107646
89103,79699,168802
67233,86290,153523
25953,34098,60051
71159,84273,155432
95113,18969,114082
83325,95615,178940
3451,30357,33808
70277,35343,105620
33682,32263,65945
76495,94495,170990
73887,60951,134838
32810,7673,40483
68829,49488,118317
99669,92960,192629
66659,66484,133143
98325,81228,179553
43463,77800,121263
89466,95220,184686
86971,62288,149259
18095,22674,40769
69677,42668,112345
57063,43605,100668
43540,87855,131395
91049,61433,152482
74215,49337,123552
59083,24253,83336
47139,30258,77397
12265,42180,54445
53800,89655,143455
14376,48074,62450
79466,40483,119949
54846,18532,73378
27196,86719,113915
71028,8626,79654
17567,31924,49491
29950,51647,81597
12500,48861,61361
82031,65268,147299
61653,100000,161653
46684,87953,134637
83540,46049,129589
40350,79035,119385
82827,50265,133092
37773,4046,41819
44733,52186,96919
91615,46058,137673
45503,81714,127217
98330,83272,181602
8338,93941,102279
46088,98373,144461
16458,69714,86172
39214,13351,52565
17412,47807,65219
80782,67428,148210
47895,18033,65928
67273,79759,147032
53653,11128,64781
23679,97180,120859
62006,74740,136746
97107,10980,108087
83914,19462,103376
4581,26634,31215
87901,16119,104020
32203,87338,119541
62821,4496,67317
39228,33773,73001
1249,45481,46730
14238,30693,44931
33242,83213,116455
10904,77470,88374
90524,40666,131190
78684,12816,91500
21998,67216,89214
48545,84880,133425
14471,16929,31400
25862,17367,43229
66855,23532,90387
15985,57741,73726
32269,15007,47276
65130,58237,123367
71574,28444,100018
49007,25560,74567
21674,16368,38042
67461,14723,82184
53078,92391,145469
31406,2910,34316
9227,15710,24937
88217,58989,147206
69777,10603,80380
34542,92796,127338
62197,32006,94203
56671,95384,152055
15726,62321,78047
51807,50070,101877
96992,18208,115200
4022,95417,99439
43310,78047,121357
34501,10428,44929
25027,90202,115229
91899,72854,164753
11456,10392,21848
20162,63088,83250
11312,1533,12845
6550,58056,64606
77273,77180,154453
97632,64269,161901
48328,28405,76733
42283,99738,142021
49056,30064,79120
64203,15533,79736
40822,26712,67534
82749,87994,170743
44229,80836,125065
84536,39429,123965
11356,79427,90783
44558,48359,92917
96754,90687,187441
38411,55109,93520
49611,71548,121159
84153,24568,108721
93277,82756,176033
32891,4944,37835
60509,45653,106162
80394,24115,104509
83173,35598,118771
31257,45687,76944
48678,93804,142482
40814,97242,138056
1760,14826,16586
68983,97071,166054
11815,23598,35413
26149,27849,53998
33399,33802,67201
74279,91815,166094
18504,41972,60476
51798,65276,117074
6289,1406,7695
39940,18142,58082
72532,82037,154569
43264,26988,70252
30372,7744,38116
99785,97476,197261
23906,64565,88471
47927,30004,77931
34323,89384,123707
95733,44892,140625
11420,650,12070
9427,4160,13587
65090,4793,69883
24977,30645,55622
43823,64484,108307
11189,72444,83633
18329,65398,83727
47098,56856,103954
50812,45984,96796
48307,52570,100877
12688,22557,35245
27858,41419,69277
48068,55948,104016
10564,87240,97804
82583,73138,155721
19217,45201,64418
19178,54293,73471
41931,80381,122312
53520,48902,102422
32821,4644,37465
41339,86698,128037
47805,16682,64487
62750,77483,140233
47884,22180,70064
66810,65348,132158
82986,90815,173801
15352,14740,30092
45935,54779,100714
49217,98621,147838
11184,64703,75887
46017,71719,117736
53027,22391,75418
18209,16899,35108
7247,56863,64110
61068,55863,116931
94614,74363,168977
20146,65000,85146
13310,38885,52195
67515,80891,148406
13637,83379,97016
83427,64750,148177
73837,3577,77414
38312,92150,130462
35820,35793,71613
27885,33819,61704
52453,2586,55039
16185,60343,76528
77699,69438,147137
46899,25471,72370
37963,56861,94824
30959,59134,90093
10119,49745,59864
55212,3350,58562
62155,30832,92987
52809,72576,125385
75201,43506,118707
87525,89891,177416
78181,40783,118964
59051,49632,108683
2913,56790,59703
93508,68820,162328
81434,60043,141477
38494,52258,90752
10473,53087,63560
89041,68016,157057
16493,54259,70752
41391,94904,136295
84894,97607,182501
33610,61907,95517
30751,47496,78247
7713,64246,71959
16149,77457,93606
88652,21342,109994
22988,81450,104438
15102,28783,43885
15403,11094,26497
9035,33397,42432
80616,75911,156527
78852,5355,84207
76267,76791,153058
15506,57274,72780
95861,46302,142163
48459,75925,124384
31400,29427,60827
8174,73001,81175
5807,49547,55354
81965,82506,164471
62520,92094,154614
74062,7323,81385
58741,34912,93653
77392,1767,79159
23136,43709,66845
61787,54988,116775
59200,14218,73418
43984,92368,136352
29904,44141,74045
57102,74995,132097
89327,18088,107415
78461,4610,83071
74134,35733,109867
7651,29810,37461
46688,66443,113131
70130,59103,129233
84657,7699,92356
40492,47820,88312
66556,3581,70137
75017,86522,161539
51139,64200,115339
35179,20823,56002
3481,38653,42134
74006,90253,164259
54375,39490,93865
30256,32346,62602
79382,27102,106484
7829,31576,39405
6349,67642,73991
46920,37560,84480
17313,80213,97526
86997,58057,145054
17693,50585,68278
55435,84606,140041
97320,64325,161645
21637,14618,36255
12526,93298,105824
72587,32581,105168
9469,99980,109449
74588,99637,174225
57890,5838,63728
27724,73276,101000
64443,62626,127069
93082,94710,187792
84551,27276,111827
47619,65410,113029
99853,27408,127261
36259,88994,125253
95169,67158,162327
64785,79218,144003
64156,29496,93652
4201,71148,75349
40808,14469,55277
95999,24673,120672
97358,34143,131501
98553,55548,154101
43399,34820,78219
12173,79305,91478
89780,1155,90935
64654,51317,115971
66051,6534,72585
54751,99550,154301
52264,55976,108240
46712,13746,60458
80631,29281,109912
96955,87501,184456
3593,83087,86680
19634,68760,88394
41998,26950,68948
2417,69105,71522
77797,54708,132505
25314,22453,47767
36900,70173,107073
38811,4074,42885
3536,44220,47756
5975,57557,63532
56635,5156,61791
3121,94662,97783
38517,49034,87551
67230,23979,91209
70107,69773,139880
50354,59848,110202
50893,74055,124948
51057,61200,112257
48349,49305,97654
46790,36139,82929
88277,72424,160701
55275,71104,126379
73035,6162,79197
67669,20088,87757
45716,5364,51080
1477,14055,15532
7784,58031,65815
66805,57187,123992
5407,78350,83757
69276,58947,128223
98324,4138,102462
67663,40711,108374
70576,24072,94648
82157,20553,102710
51876,37952,89828
24651,76033,100684
89224,73227,162451
72267,65965,138232
85717,32047,117764
7511,31654,39165
25951,61854,87805
30057,92273,122330
53033,34964,87997
46470,8569,55039
79234,29824,109058
37455,516,37971
70417,65233,135650
29789,55294,85083
2495,9816,12311
14496,1993,16489
54652,95319,149971
20405,71108,91513
34137,18833,52970
77989,16085,94074
20772,62844,83616
14202,10119,24321
86423,92322,178745
63057,70625,133682
86334,25183,111517
35127,42599,77726
73299,57922,131221
4081,36788,40869
16448,92826,109274
59794,47234,107028
84188,74932,159120
7825,63549,71374
42932,59914,102846
36103,46486,82589
88988,97163,186151
57629,3057,60686
24210,15424,39634
18870,18079,36949
63314,54400,117714
70523,7826,78349
42791,77185,119976
57472,53617,111089
11467,1546,13013
26519,96003,122522
47215,95010,142225
57330,82981,140311
70033,13462,83495
25081,7182,32263
17039,4885,21924
83365,7605,90970
39328,65308,104636
42532,26291,68823
2483,1133,3616
18275,68573,86848
75096,47693,122789
44751,51743,96494
65240,22935,88175
39401,54614,94015
14925,78730,93655
79175,61730,140905
79552,1368,80920
25895,81283,107178
22868,73613,96481
2418,87676,90094
18111,76248,94359
6137,40467,46604
12518,68533,81051
86690,98101,184791
69295,12774,82069
81841,89996,171837
7913,4980,12893
77275,55942,133217
21733,56079,77812
50960,68048,119008
11896,37427,49323
59076,92662,151738
38913,64797,103710
82596,94375,176971
19103,53574,72677
57338,28869,86207
58713,35924,94637
52756,25637,78393
30118,94359,124477
1387,5998,7385
85433,89350,174783
39297,43352,82649
13530,46511,60041
68097,97755,165852
85202,7206,92408
52804,7360,60164
29039,36421,65460
82260,85892,168152
1354,97368,98722
71031,91878,162909
1364,86305,87669
66459,35195,101654
65575,37346,102921
72029,80415,152444
27700,20286,47986
57945,30444,88389
63370,99369,162739
43257,36951,80208
17638,86136,103774
62980,59600,122580
30429,70261,100690
82437,84134,166571
7187,25129,32316
54227,38697,92924
13239,88469,101708
33226,13564,46790
39850,52875,92725
72537,82613,155150
67030,63886,130916
73338,80060,153398
53616,24132,77748
77296,27870,105166
43215,86607,129822
37561,70528,108089
53846,87669,141515
35862,9731,45593
62250,46090,108340
32356,69483,101839
50656,38592,89248
815,87003,87818
63890,67315,131205
6877,46599,53476
43322,24331,67653
574,97231,97805
2339,49837,52176
42193,59373,101566
65577,13408,78985
96229,37713,133942
18156,47285,65441
89516,49792,139308
85856,31311,117167
6073,2009,8082
5483,66357,71840
92460,8664,101124
6751,10836,17587
50953,59546,110499
56528,26549,83077
76049,67393,143442
8157,10436,18593
83535,10374,93909
52927,55529,108456
30946,47369,78315
95864,66726,162590
81482,83731,165213
94206,15142,109348
38493,85998,124491
73802,34930,108732
94231,92627,186858
4234,75444,79678
29728,10832,40560
6598,87746,94344
24225,95997,120222
48646,95561,144207
63879,1132,65011
29084,98093,127177
39928,94421,134349
65769,69356,135125
41318,4025,45343
24786,91713,116499
66416,16202,82618
13811,19827,33638
87129,3260,90389
62216,14164,76380
97045,87502,184547
20608,24386,44994
9100,95811,104911
37416,23466,60882
99045,33556,132601
23130,20465,43595
26196,3953,30149
1536,82985,84521
50073,85624,135697
26084,28349,54433
24235,80408,104643
47802,95367,143169
92982,22296,115278
90913,59422,150335
2494,2793,5287
71840,49950,121790
52,21049,21101
26073,24921,50994
45269,68427,113696
77687,8981,86668
32724,87450,120174
3771,96119,99890
75261,73092,148353
72040,70918,142958
53479,48663,102142
34168,76273,110441
54073,94978,149051
96412,53549,149961
92584,1231,93815
53476,5061,58537
64390,14574,78964
66564,98957,165521
23511,80471,103982
76467,26126,102593
6398,82556,88954
48947,90355,139302
32998,63271,96269
10272,56011,66283
10875,695,11570
86214,53473,139687
18160,40490,58650
7895,26837,34732
48674,85393,134067
55535,69041,124576
54914,63508,118422
40021,50310,90331
37431,27502,64933
80528,7966,88494
66919,71391,138310
8645,95452,104097
29897,4792,34689
17450,96767,114217
38244,41930,80174
95092,3259,98351
91684,83035,174719
96187,66883,163070
10819,56331,67150
11496,14312,25808
25838,59794,85632
99193,10474,109667
38923,67277,106200
87133,85454,172587
21636,35852,57488
5640,75794,81434
8977,94743,103720
94943,16485,111428
38939,51837,90776
93470,26031,119501
53778,46573,100351
22891,5954,28845
86142,25753,111895
73648,76309,149957
15095,9336,24431
58837,99172,158009
54699,22591,77290
53916,82116,136032
41753,23337,65090
73932,87058,160990
87383,51030,138413
93436,53199,146635
50477,84930,135407
72278,95752,168030
86735,19093,105828
56535,27740,84275
20828,83889,104717
44984,66473,111457
57209,21486,78695
63646,34296,97942
87049,73419,160468
24179,23413,47592
43485,19842,63327
81365,7393,88758
37070,2896,39966
11902,37105,49007
23435,66192,89627
27596,1290,28886
95468,70799,166267
42827,90930,133757
87731,77278,165009
94609,79809,174418
23822,85821,109643
97806,49428,147234
72172,12237,84409
14266,65630,79896
30020,75612,105632
29066,58407,87473
73571,87197,160768
34733,30503,65236
90296,27602,117898
32497,56331,88828
32342,36113,68455
19786,59011,78797
7600,25617,33217
91707,92655,184362
40722,39396,80118
38640,1592,40232
96632,81989,178621
5890,11741,17631
28766,24156,52922
598,6345,6943
7835,71741,79576
72499,49715,122214
78399,40852,119251
14158,11315,25473
80338,99885,180223
66002,26559,92561
4395,13254,17649
30108,72072,102180
73786,79177,152963
74493,1678,76171
52656,62634,115290
83542,52754,136296
56296,92937,149233
81434,59087,140521
80698,89989,170687
11498,6472,17970
72870,22671,95541
32319,65933,98252
9135,38631,47766
91537,60465,152002
58307,25711,84018
89765,22358,112123
2271,7701,9972
54531,61287,115818
43293,72874,116167
77744,23524,101268
80067,95324,175391
95539,96708,192247
39597,29674,69271
33568,16069,49637
87668,51645,139313
87731,88415,176146
10345,40061,50406
47967,20649,68616
19203,83294,102497
27083,63415,90498
63171,46540,109711
13523,99548,113071
48202,48821,97023
23139,97267,120406
50520,13466,63986
84037,27734,111771
72564,5137,77701
31700,37243,68943
30958,61276,92234
33246,63300,96546
4218,72550,76768
26190,1906,28096
87999,26528,114527
44364,34383,78747
85423,62897,148320
5034,55936,60970
49519,74037,123556
77896,1443,79339
76691,39216,115907
2876,28409,31285
23514,45026,68540
9431,17079,26510
38046,24861,62907
23748,37968,61716
59589,29898,89487
61390,4758,66148
68197,58916,127113
801,70510,71311
96659,41612,138271
675,53787,54462
40498,26339,66837
37315,7444,44759
62447,73306,135753
82174,69362,151536
70883,53645,124528
97216,18468,115684
72608,2154,74762
52901,81332,134233
52277,60084,112361
59643,11876,71519
88923,26823,115746
47987,20404,68391
8430,86013,94443
23677,5361,29038
35616,49811,85427
11492,38799,50291
2304,17061,19365
79076,93439,172515
35354,33592,68946
11734,93235,104969
64274,95801,160075
9583,9069,18652
19578,31910,51488
600,65341,65941
1606,74853,76459
14749,49433,64182
89290,66340,155630
28680,66153,94833
52688,30674,83362
94890,81861,176751
47891,85960,133851
35713,52418,88131
54280,81190,135470
75932,30086,106018
39278,46149,85427
3849,1345,5194
39124,98445,137569
64271,13811,78082
51232,78948,130180
46119,45933,92052
19322,2193,21515
43315,46019,89334
33906,32432,66338
27691,65598,93289
4171,46944,51115
80025,41087,121112
62159,93492,155651
60746,49796,110542
82640,41332,123972
60673,21848,82521
47635,24216,71851
5830,2512,8342
45478,26673,72151
1731,91528,93259
5088,25909,30997
91823,65917,157740
86023,91000,177023
42552,26746,69298
78656,26698,105354
41574,40251,81825
55332,40194,95526
69030,3571,72601
99316,29400,128716
77429,52581,130010
26202,52836,79038
51572,40193,91765
36525,27268,63793
12153,79512,91665
49667,55354,105021
60177,35976,96153
67221,12911,80132
38292,60181,98473
63087,67690,130777
29662,80769,110431
45257,23310,68567
86900,97071,183971
62395,38142,100537
66426,16273,82699
2292,66764,69056
23242,79811,103053
45247,10262,55509
2679,12438,15117
7368,52460,59828
82251,43217,125468
25989,99696,125685
97918,9656,107574
69054,3099,72153
54961,69343,124304
34315,28364,62679
69904,80498,150402
99320,21291,120611
87432,28994,116426
43096,18410,61506
35538,72394,107932
71889,91117,163006
47661,36998,84659
12543,90911,103454
83756,83523,167279
49298,69426,118724
444,95435,95879
72856,53616,126472
80229,66887,147116
17615,36889,54504
10854,43676,54530
49327,6831,56158
63934,44486,108420
65556,94843,160399
72897,70469,143366
48050,29313,77363
68634,62502,131136
35643,18104,53747
27484,69113,96597
3968,11591,15559
3294,27428,30722
64308,3716,68024
20009,71492,91501
23267,65483,88750
50934,32703,83637
56599,51706,108305
89871,79304,169175
29040,43524,72564
93142,31681,124823
44414,6616,51030
43220,30109,73329
75783,83937,159720
4211,37427,41638
71219,11465,82684
37110,91613,128723
61909,91735,153644
29914,50185,80099
39345,88810,128155
5387,91338,96725
96664,10797,107461
62022,86486,148508
34094,29826,63920
33814,96080,129894
73293,16749,90042
58499,55020,113519
26766,51652,78418
41642,56516,98158
10852,84886,95738
93927,54070,147997
81533,79309,160842
31815,37772,69587
81230,93996,175226
22495,73184,95679
36332,65511,101843
31768,94800,126568
79637,53453,133090
43426,11428,54854
18235,95588,113823
28470,44997,73467
66901,75237,142138
74848,60089,134937
9800,78634,88434
92276,47875,140151
41983,61673,103656
62985,68929,131914
46298,26461,72759
88319,23625,111944
85578,22552,108130
47383,40522,87905
3304,95930,99234
66985,17648,84633
28924,89552,118476
50660,19735,70395
95225,80839,176064
6507,43745,50252
80824,33970,114794
29581,26661,56242
79947,23091,103038
2865,61413,64278
37024,96272,133296
26718,67097,93815
15085,37509,52594
97032,51665,148697
90935,35412,126347
87412,71682,159094
69129,51902,121031
16823,1992,18815
81790,72545,154335
58735,19804,78539
58928,46904,105832
2603,78478,81081
93257,90877,184134
22350,29533,51883
45328,63674,109002
941,67535,68476
22590,26856,49446
91919,53175,145094
96922,3964,100886
78020,36127,114147
45638,58153,103791
38611,5354,43965
99822,35563,135385
98160,43586,141746
22361,40900,63261
2018,44906,46924
28991,14185,43176
30838,23658,54496
71052,10656,81708
51589,94386,145975
48017,77745,125762
82968,10615,93583
61558,92974,154532
81158,49093,130251
24149,39966,64115
40789,87783,128572
76002,98694,174696
15168,69101,84269
61570,40061,101631
93877,88131,182008
87655,51172,138827
94855,89060,183915
58372,83838,142210
33865,68376,102241
95274,9425,104699
27521,2328,29849
6403,22854,29257
61780,42595,104375
9736,23493,33229
6436,1893,8329
7891,53524,61415
16170,98710,114880
47358,42478,89836
47183,2117,49300
19740,11655,31395
21171,14133,35304
43992,59630,103622
97072,8916,105988
80010,96365,176375
69644,34618,104262
73294,93412,166706
87911,75527,163438
4602,82479,87081
74806,71556,146362
92987,93033,186020
11008,72514,83522
74743,66896,141639
54250,18084,72334
82824,74643,157467
67603,12390,79993
89545,16519,106064
96571,38469,135040
95541,90576,186117
12329,7292,19621
30802,58741,89543
32072,52075,84147
95031,48441,143472
35155,46218,81373
10072,530,10602
12588,9342,21930
91565,74255,165820
94659,90821,185480
1607,72419,74026
92749,43416,136165
6624,60775,67399
16198,16247,32445
63440,68053,131493
30647,61721,92368
31473,54635,86108
56331,81173,137504
46706,54639,101345
13749,33307,47056
76892,86947,163839
13406,95504,108910
1572,15505,17077
85708,87062,172770
11465,73886,85351
12678,15289,27967
20910,90746,111656
39282,6710,45992
14475,78531,93006
90756,72544,163300
55297,90312,145609
8159,88221,96380
27713,55557,83270
17444,28744,46188
46204,83435,129639
78769,36657,115426
53342,8624,61966
13,38609,38622
43862,80049,123911
75015,69238,144253
97650,69890,167540
81524,28276,109800
24732,51364,76096
3882,23779,27661
3895,49684,53579
77305,2294,79599
80223,73037,153260
33203,41040,74243
19996,41583,61579
4971,26736,31707
989,50524,51513
43976,85442,129418
95595,79343,174938
50939,21747,72686
88515,86477,174992
46671,27766,74437
82664,32258,114922
30178,63939,94117
81388,21389,102777
50670,25008,75678
93598,29037,122635
84466,23737,108203
33116,18037,51153
48035,74150,122185
82493,3784,86277
3022,75534,78556
71695,40032,111727
98048,45839,143887
2512,68741,71253
43805,14864,58669
53667,80798,134465
70376,97902,168278
29288,23058,52346
16447,20629,37076
32467,3959,36426
57345,28443,85788
88712,35772,124484
29133,29616,58749
48267,89057,137324
38819,8480,47299
93331,321,93652
58585,86349,144934
59073,24615,83688
11292,29165,40457
76048,57079,133127
65707,91374,157081
21994,29868,51862
1679,81895,83574
68486,51775,120261
70357,24085,94442
43682,4098,47780
18827,37247,56074
28742,21177,49919
68633,32250,100883
56297,86272,142569
60205,10378,70583
57030,53894,110924
76763,30529,107292
8023,15080,23103
96905,209,97114
84225,82098,166323
93767,53506,147273
67204,99845,167049
24903,90758,115661
27428,5958,33386
79622,24447,104069
89711,56660,146371
29207,85418,114625
34360,36843,71203
28962,3999,32961
7876,93774,101650
18216,26044,44260
33548,3247,36795
94171,32594,126765
71054,37282,108336
10799,51709,62508
63969,46850,110819
45058,21754,66812
19028,23547,42575
78628,12052,90680
43087,32278,75365
83291,11556,94847
87553,79438,166991
75906,39168,115074
70229,98018,168247
26780,75310,102090
62010,92961,154971
34707,87336,122043
10593,67811,78404
30622,56721,87343
70917,41832,112749
34933,14175,49108
5128,82105,87233
36077,23764,59841
30566,21393,51959
67009,54653,121662
62385,30280,92665
24646,44164,68810
51891,2585,54476
94347,76881,171228
56196,49582,105778
8560,49229,57789
86314,68968,155282
50268,58748,109016
54642,20888,75530
80556,39913,120469
2730,16686,19416
11511,41961,53472
50689,91957,142646
1475,14845,16320
50923,27827,78750
76136,12356,88492
29468,73129,102597
87645,37021,124666
45809,70357,116166
17358,15426,32784
54376,8313,62689
13592,31375,44967
8501,85696,94197
68002,63540,131542
52149,46660,98809
48453,14590,63043
73729,77022,150751
5684,32675,38359
62407,32423,94830
11902,7516,19418
81462,49164,130626
90612,72111,162723
19247,96343,115590
35646,36217,71863
46459,88185,134644
79860,5602,85462
85126,26423,111549
30841,72489,103330
26754,39942,66696
3771,29150,32921
59721,49756,109477
48387,28606,76993
35724,46974,82698
43719,96540,140259
96333,51089,147422
63684,77425,141109
86206,79899,166105
39367,92514,131881
51964,58049,110013
41269,19154,60423
51201,41070,92271
43217,97689,140906
1647,9787,11434
13013,25155,38168
9182,36012,45194
26573,74224,100797
20964,48930,69894
95223,16999,112222
30236,8427,38663
64314,80305,144619
63008,45020,108028
3904,65231,69135
22537,3882,26419
72524,90356,162880
49361,16706,66067
4044,78618,82662
36953,67406,104359
5248,45717,50965
56222,9588,65810
58420,10090,68510
86565,6274,92839
52089,41029,93118
29277,69885,99162
49417,65361,114778
25494,89160,114654
51289,95292,146581
56037,54868,110905
30708,75645,106353
279,73865,74144
31077,93423,124500
62430,94767,157197
16673,40610,57283
32184,16849,49033
81129,34599,115728
99132,76197,175329
167,70087,70254
71527,96995,168522
79682,62766,142448
10326,15886,26212
62379,14384,76763
9838,72155,81993
32264,46799,79063
35173,98654,133827
59027,62112,121139
41762,63007,104769
55752,95807,151559
17469,41247,58716
59277,66206,125483
82915,67945,150860
20838,577,21415
10821,8327,19148
50688,17489,68177
34509,14893,49402
11166,64307,75473
3929,76290,80219
63443,61821,125264
60873,13662,74535
71858,87520,159378
16827,18524,35351
41244,58891,100135
52711,69217,121928
64466,62971,127437
57224,40125,97349
3291,55645,58936
48455,34157,82612
48976,94352,143328
65142,62561,127703
25052,60522,85574
59907,16287,76194
67129,95301,162430
16367,51067,67434
75135,86200,161335
86310,16421,102731
41679,4365,46044
10043,98760,108803
18648,14687,33335
71728,4184,75912
60478,70478,130956
70120,36729,106849
36306,9612,45918
72952,65371,138323
49304,64279,113583
292,96252,96544
25013,48808,73821
35272,82251,117523
20191,24799,44990
32974,87589,120563
14735,63413,78148
24950,61411,86361
99025,31654,130679
77947,19475,97422
51485,95100,146585
93157,73261,166418
56543,5217,61760
19064,49358,68422
38279,40255,78534
33977,68468,102445
24973,70623,95596
99401,82215,181616
45063,90325,135388
21716,24534,46250
79051,7615,86666
21641,39931,61572
50913,27366,78279
79292,66380,145672
33966,71912,105878
74463,21311,95774
4151,44560,48711
70824,7024,77848
17215,29088,46303
25888,27093,52981
8887,25265,34152
79444,8255,87699
85166,19680,104846
44010,92379,136389
11380,99776,111156
945,65651,66596
90909,89563,180472
42633,61217,103850
63835,33538,97373
82520,43065,125585
87933,32975,120908
724,66245,66969
22516,87467,109983
59062,2099,61161
46791,48668,95459
18063,66551,84614
37803,85849,123652
83973,61653,145626
86944,94779,181723
72056,27596,99652
16894,7578,24472
43237,52042,95279
21720,93814,115534
11419,70116,81535
93279,2246,95525
20893,33654,54547
92910,74004,166914
22403,19252,41655
20608,49374,69982
31468,6695,38163
81872,44249,126121
58814,40903,99717
39748,63166,102914
16572,72986,89558
71401,58674,130075
61753,19355,81108
11250,11283,22533
67938,13220,81158
72531,32733,105264
26411,98026,124437
95361,41344,136705
12088,97631,109719
47427,24898,72325
85899,23662,109561
81615,36146,117761
56037,42561,98598
58529,62906,121435
36254,46808,83062
32097,83236,115333
62871,77429,140300
18097,33268,51365
52475,89544,142019
44786,48205,92991
25997,72883,98880
61374,3691,65065
78845,43381,122226
66349,64713,131062
19355,16949,36304
60149,32388,92537
54801,41319,96120
60545,1695,62240
48644,11490,60134
94900,77052,171952
27377,17734,45111
25496,84484,109980
70190,29330,99520
72356,93489,165845
33101,79365,112466
67387,92954,160341
8422,75481,83903
21562,51408,72970
88465,22334,110799
67176,81241,148417
88439,96863,185302
94849,39799,134648
71825,70876,142701
10441,17255,27696
44840,29041,73881
87548,15003,102551
95101,25462,120563
66344,35945,102289
12680,11980,24660
19240,74993,94233
12903,73864,86767
3422,32049,35471
58950,49238,108188
92176,22011,114187
3490,25795,29285
35291,44817,80108
61658,42408,104066
32411,92843,125254
12969,24365,37334
16734,13474,30208
48328,14356,62684
87873,18823,106696
68963,96688,165651
25460,2293,27753
36795,23303,60098
14434,61696,76130
14184,87728,101912
6561,60097,66658
63290,4273,67563
46123,91559,137682
18297,79904,98201
70741,59585,130326
57113,96040,153153
74664,74087,148751
64498,58763,123261
2867,82918,85785
46032,57765,103797
39292,25990,65282
97543,36611,134154
3810,48244,52054
51715,43738,95453
69558,27181,96739
46801,24420,71221
24322,22529,46851
42079,64051,106130
68962,43606,112568
8841,47303,56144
45346,69636,114982
53079,59756,112835
87449,51275,138724
10353,42238,52591
58507,34739,93246
93288,81325,174613
47514,57230,104744
4723,62042,66765
41569,73422,114991
61227,91951,153178
64801,77677,142478
88235,98955,187190
56774,36943,93717
13014,32020,45034
35550,98141,133691
93277,80092,173369
24908,47436,72344
21881,6185,28066
23064,99553,122617
7069,63177,70246
94945,82725,177670
16258,81990,98248
96393,47368,143761
10249,7048,17297
27186,26347,53533
60895,17402,78297
55043,18769,73812
65821,9621,75442
35178,10991,46169
3338,76684,80022
514,39950,40464
74315,68913,143228
25510,46498,72008
12630,81911,94541
40380,51001,91381
70873,22256,93129
86648,11990,98638
36139,98252,134391
32343,13199,45542
31977,72325,104302
66454,38953,105407
13165,77739,90904
34145,37586,71731
62873,89386,152259
73601,1773,75374
53407,36046,89453
37578,69746,107324
25576,876,26452
7275,38834,46109
8234,37089,45323
60321,64031,124352
1356,90635,91991
88854,25134,113988
11246,61245,72491
85058,83885,168943
84500,56877,141377
6113,56805,62918
34589,59591,94180
80253,7012,87265
60,67274,67334
31442,84684,116126
99370,22334,121704
9870,78800,88670
21928,39965,61893
22481,70780,93261
18506,13719,32225
58882,86138,145020
97569,63823,161392
32725,84207,116932
12539,66100,78639
92326,88461,180787
60625,92447,153072
89515,6728,96243
94141,34439,128580
54509,55423,109932
86082,9609,95691
85863,25785,111648
6803,47677,54480
48431,92378,140809
15485,51951,67436
18241,85210,103451
5246,39721,44967
97299,72933,170232
42246,93273,135519
80916,77263,158179
60735,27521,88256
38343,87135,125478
83940,61578,145518
41683,16529,58212
8900,65046,73946
30249,24758,55007
6478,68538,75016
77262,15025,92287
63926,57555,121481
11556,30720,42276
99566,77749,177315
64597,29227,93824
87950,96534,184484
14161,85347,99508
44228,27382,71610
62302,27762,90064
87108,86316,173424
18417,76233,94650
24900,43787,68687
6240,27354,33594
45474,94277,139751
49515,88368,137883
21657,39282,60939
55035,45807,100842
53081,99705,152786
8363,20737,29100
71089,45563,116652
12012,91911,103923
6498,46541,53039
34770,38697,73467
34721,93411,128132
52490,60276,112766
63654,71846,135500
19423,44724,64147
70179,79408,149587
26986,29971,56957
13972,22637,36609
98579,57641,156220
53627,92443,146070
75286,99363,174649
96927,29833,126760
1126,23078,24204
37125,71828,108953
61774,35278,97052
99373,10659,110032
27806,91405,119211
36106,19217,55323
28141,26146,54287
53721,16034,69755
23614,30814,54428
27218,46667,73885
72450,38122,110572
76597,12834,89431
72536,61514,134050
21325,66663,87988
8812,25919,34731
69203,47394,116597
46413,13763,60176
92295,57971,150266
4588,90942,95530
18088,12239,30327
83524,89998,173522
18252,29794,48046
41035,97626,138661
47814,48300,96114
9322,1551,10873
61174,30686,91860
76792,36907,113699
5305,68972,74277
63445,13915,77360
82603,84805,167408
51436,24569,76005
59249,37524,96773
84028,36319,120347
25225,16540,41765
83968,91142,175110
83871,77070,160941
2254,22764,25018
48592,40310,88902
27286,29714,57000
83781,95738,179519
74460,20473,94933
65530,8538,74068
4520,46070,50590
86801,43918,130719
63173,27543,90716
25386,87180,112566
54728,87846,142574
18737,80729,99466
51979,38035,90014
39632,26633,66265
15902,36837,52739
74235,39833,114068
26794,15379,42173
17168,74390,91558
72586,78820,151406
70555,51361,121916
57131,95637,152768
54893,90240,145133
41571,30091,71662
84082,14615,98697
73876,78418,152294
64675,37743,102418
4360,66010,70370
93869,67786,161655
34519,70736,105255
67503,12935,80438
10000,87140,97140
48863,78896,127759
63857,82190,146047
6414,5294,11708
29,49785,49814
17217,52871,70088
4823,67757,72580
92709,31747,124456
9307,73937,83244
29402,3023,32425
83810,38018,121828
27427,89286,116713
18451,52521,70972
45328,18274,63602
26873,53237,80110
41912,75305,117217
84170,38895,123065
48946,98880,147826
49632,74074,123706
47753,25823,73576
14666,43625,58291
47766,160,47926
67234,61240,128474
95136,81662,176798
68630,49466,118096
94398,18142,112540
83372,91632,175004
89564,50340,139904
44732,71610,116342
48102,27507,75609
90365,90197,180562
97101,99313,196414
33180,20115,53295
79980,29158,109138
25131,59011,84142
92691,7957,100648
54184,15849,70033
34914,36697,71611
28664,2780,31444
31146,18300,49446
73847,30396,104243
3578,40063,43641
32584,11935,44519
39308,686,39994
57802,67751,125553
10150,44505,54655
10928,57652,68580
50627,50633,101260
77511,20255,97766
91858,99814,191672
16851,14478,31329
75883,77658,153541
6600,98718,105318
95417,41372,136789
40772,88629,129401
19336,47018,66354
73639,51218,124857
30488,92354,122842
61770,94481,156251
98229,40233,138462
17302,20605,37907
48948,30334,79282
41372,81703,123075
5604,30749,36353
52020,67796,119816
72615,47071,119686
98519,39237,137756
90531,73881,164412
56003,20181,76184
99076,18038,117114
78858,72374,151232
90195,68459,158654
73907,69950,143857
41753,22265,64018
89020,59802,148822
55614,24755,80369
96857,84010,180867
66205,28239,94444
54711,77047,131758
67209,16349,83558
37309,18854,56163
4588,6397,10985
99425,79112,178537
59333,19590,78923
67108,84029,151137
95112,29529,124641
6553,28089,34642
18330,81594,99924
29094,4635,33729
34445,85487,119932
44789,43022,87811
30899,26585,57484
53645,28874,82519
18255,47800,66055
63521,729,64250
65502,72735,138237
84691,34683,119374
65174,70231,135405
41093,90835,131928
90535,80341,170876
8188,93123,101311
77793,23023,100816
51165,35061,86226
53211,22835,76046
29858,48992,78850
4818,21112,25930
12118,90619,102737
80698,7035,87733
14708,53610,68318
52488,24212,76700
12881,72396,85277
65927,88362,154289
83992,5844,89836
71440,46683,118123
18596,71105,89701
8001,65192,73193
68949,1088,70037
84425,34923,119348
55332,22365,77697
80378,64675,145053
10525,25796,36321
13184,96524,109708
36402,46618,83020
96028,3272,99300
61480,87670,149150
50928,34782,85710
5216,67762,72978
38054,7568,45622
50520,45398,95918
12094,49824,61918
49130,96867,145997
78399,27595,105994
35655,96501,132156
99549,23500,123049
62756,59918,122674
49510,14544,64054
72429,35691,108120
14014,98856,112870
18656,55024,73680
70413,45541,115954
12371,17387,29758
56099,22240,78339
69340,48816,118156
91512,26630,118142
98953,3589,102542
21359,53213,74572
63385,54869,118254
16459,8003,24462
5014,12926,17940
69544,48229,117773
92030,9103,101133
68462,81072,149534
49447,45407,94854
62808,66664,129472
32382,14302,46684
56388,28416,84804
66497,26699,93196
72088,15869,87957
87317,14395,101712
57421,56864,114285
23955,39392,63347
88889,86869,175758
49469,38678,88147
10801,67849,78650
19212,5659,24871
56071,89770,145841
52820,74534,127354
65623,53237,118860
46919,91768,138687
53975,52306,106281
348,38946,39294
86401,66975,153376
42480,50314,92794
81527,29639,111166
98441,56057,154498
75905,56819,132724
11205,92030,103235
9360,9539,18899
43202,64815,108017
22895,88266,111161
34594,99327,133921
99248,19866,119114
70129,95924,166053
25586,59608,85194
90595,66009,156604
81574,87747,169321
76082,18970,95052
93603,21266,114869
29987,65118,95105
96545,5017,101562
64382,49788,114170
16189,45374,61563
60638,20276,80914
9819,69746,79565
26072,2978,29050
53541,96323,149864
25159,39028,64187
33342,78854,112196
28594,89336,117930
40704,64396,105100
73776,95501,169277
10739,68072,78811
58031,80797,138828
56989,82607,139596
7618,68649,76267
87428,49565,136993
47071,74087,121158
43593,99245,142838
1695,9083,10778
8758,60984,69742
33754,41791,75545
37798,24107,61905
97554,48998,146552
30565,45032,75597
7854,30369,38223
68600,32731,101331
75822,90242,166064
83999,27612,111611
75268,11440,86708
17756,9020,26776
72753,78011,150764
81413,15246,96659
53347,54473,107820
38238,3636,41874
18200,25992,44192
62318,50950,113268
85276,64856,150132
41769,13750,55519
30736,16779,47515
23764,18374,42138
2129,70715,72844
18362,66802,85164
51442,2143,53585
1233,74157,75390
11145,97261,108406
76378,94782,171160
90959,64923,155882
16913,24666,41579
79305,19126,98431
11843,29287,41130
34788,74119,108907
18415,23168,41583
41614,43887,85501
55288,28088,83376
56462,77665,134127
2722,66469,69191
69346,95039,164385
84701,5945,90646
15065,42822,57887
23399,9679,33078
22735,92145,114880
78868,91663,170531
30704,48143,78847
39306,61284,100590
77557,74842,152399
87321,96705,184026
352,83368,83720
95682,19236,114918
51706,237,51943
9417,9471,18888
29803,7057,36860
33108,77434,110542
33599,21003,54602
10456,1855,12311
50019,42519,92538
16261,16045,32306
68884,73789,142673
20146,701,20847
81626,83875,165501
70328,96925,167253
13134,92048,105182
22226,43461,65687
24804,59102,83906
20922,75520,96442
85158,21058,106216
85565,17192,102757
30485,41373,71858
81534,62899,144433
55928,16538,72466
55648,93689,149337
41900,16289,58189
8884,48126,57010
80323,50193,130516
53111,98625,151736
76864,55256,132120
17551,10921,28472
34428,38637,73065
63695,37972,101667
66334,68867,135201
56245,624,56869
10433,91290,101723
14117,98152,112269
8852,22511,31363
45279,33270,78549
75446,28319,103765
58150,10853,69003
9725,5895,15620
39613,65958,105571
80443,72018,152461
188,46359,46547
57649,57738,115387
43847,13650,57497
38715,90610,129325
57049,92091,149140
86551,30974,117525
97119,19067,116186
59472,94304,153776
33400,66952,100352
20561,23658,44219
28613,33407,62020
7529,40558,48087
92573,95801,188374
65799,17749,83548
94131,88782,182913
93537,65015,158552
48808,95511,144319
25051,10858,35909
39545,80592,120137
34203,98645,132848
63069,84445,147514
9756,98526,108282
9757,38157,47914
19107,6175,25282
90108,45672,135780
9067,46982,56049
33320,41332,74652
58649,71890,130539
99358,43253,142611
88501,79737,168238
24844,27480,52324
17742,91914,109656
78570,12527,91097
3519,95875,99394
8225,12563,20788
51090,13667,64757
33251,39604,72855
78297,50971,129268
11931,4074,16005
70295,2239,72534
39918,44748,84666
76530,59818,136348
60122,81112,141234
63774,95931,159705
45538,38128,83666
612,693,1305
15460,23819,39279
24869,7655,32524
22095,2484,24579
95856,76802,172658
34349,62410,96759
75558,42490,118048
25674,65737,91411
82249,28471,110720
43433,4212,47645
45698,72963,118661
10851,47760,58611
99732,8733,108465
46690,31423,78113
33483,31650,65133
63981,86347,150328
71282,57775,129057
99804,98684,198488
19472,56380,75852
23675,26057,49732
58256,93810,152066
49668,79652,129320
62277,56278,118555
51483,47787,99270
18497,53696,72193
41138,8539,49677
76736,20677,97413
37391,36396,73787
42764,41559,84323
57919,95962,153881
15366,97355,112721
11483,77053,88536
67666,45248,112914
76882,40808,117690
55771,55908,111679
54130,37072,91202
65009,82089,147098
1434,97739,99173
54534,33217,87751
61889,33968,95857
70079,16362,86441
97478,77195,174673
93517,84703,178220
49265,53244,102509
99424,35459,134883
19112,55464,74576
91511,90108,181619
63739,68645,132384
94656,54221,148877
8294,72848,81142
83786,8067,91853
69345,60201,129546
91587,67468,159055
64953,1629,66582
78874,71663,150537
63516,34262,97778
40441,72760,113201
83706,50914,134620
44073,49078,93151
47039,92463,139502
55933,22148,78081
11351,70063,81414
84504,85961,170465
38566,90936,129502
84766,23150,107916
86086,80033,166119
97834,3798,101632
28446,34772,63218
35241,17851,53092
33827,29340,63167
77782,15038,92820
70910,70812,141722
907,23640,24547
24008,43827,67835
53200,54560,107760
38336,34338,72674
79560,54217,133777
77242,67222,144464
88534,66918,155452
57120,8624,65744
93869,78479,172348
18702,42582,61284
93152,37945,131097
57907,59863,117770
27761,4642,32403
21962,13181,35143
74525,13007,87532
31151,8305,39456
83409,66917,150326
21158,4465,25623
90089,75472,165561
19991,59631,79622
98168,97233,195401
20649,22075,42724
45449,9444,54893
99438,96672,196110
59527,34493,94020
96095,20479,116574
70206,92016,162222
2316,15439,17755
46171,21080,67251
39503,80536,120039
7269,23134,30403
41493,43961,85454
80302,11340,91642
23198,65624,88822
59294,92932,152226
22487,95201,117688
69503,13744,83247
51605,76073,127678
98288,9541,107829
25176,64653,89829
72770,235,73005
62777,57796,120573
31139,88618,119757
27115,49900,77015
7387,94062,101449
97810,13785,111595
21098,21496,42594
61677,39241,100918
68336,66130,134466
84624,42959,127583
33062,9856,42918
20356,90144,110500
66997,77409,144406
5899,1523,7422
89323,34842,124165
68961,16660,85621
62435,54897,117332
90084,88675,178759
5637,68780,74417
60569,54112,114681
28660,62879,91539
40921,81793,122714
68110,1305,69415
9459,55583,65042
80219,17545,97764
14968,60283,75251
56207,80224,136431
32646,70049,102695
7608,31545,39153
79709,5230,84939
82973,35070,118043
65845,9361,75206
73838,17553,91391
63448,99488,162936
28412,61554,89966
19239,90805,110044
81864,77272,159136
32145,4608,36753
26279,50407,76686
85410,13899,99309
43202,93027,136229
48955,12090,61045
44836,86763,131599
3964,82910,86874
59886,25813,85699
17852,5923,23775
10481,51916,62397
63850,25584,89434
46706,56567,103273
5870,71844,77714
91691,95490,187181
99282,25248,124530
5877,57215,63092
15524,73222,88746
35720,30847,66567
28592,82044,110636
32041,49501,81542
44106,70569,114675
49946,78402,128348
33731,24144,57875
23774,61160,84934
63685,79249,142934
89254,61848,151102
49544,97129,146673
2775,8905,11680
49455,76003,125458
3842,53403,57245
26651,74010,100661
69544,26064,95608
33733,78413,112146
57072,7556,64628
49825,3857,53682
63134,20877,84011
13136,52710,65846
38544,8885,47429
47821,93329,141150
83976,79834,163810
87697,76676,164373
79439,67758,147197
25359,74083,99442
28062,42147,70209
17031,60120,77151
79736,49983,129719
5799,70620,76419
39244,38439,77683
32691,37857,70548
79698,24303,104001
76803,52570,129373
25689,65030,90719
10902,49878,60780
98082,91416,189498
97266,46049,143315
72352,96107,168459
56440,67670,124110
24458,33848,58306
9775,27951,37726
92427,77690,170117
3929,34971,38900
62753,86078,148831
1607,11812,13419
1290,30292,31582
82498,51086,133584
16347,46356,62703
33104,58528,91632
25873,83127,109000
97069,31932,129001
87695,93240,180935
2109,44474,46583
37149,34903,72052
6325,33148,39473
90551,43903,134454
76871,90491,167362
60527,97520,158047
74914,12031,86945
21040,60580,81620
35887,82116,118003
15853,40489,56342
53925,34896,88821
84293,60884,145177
97750,33226,130976
42016,36620,78636
38240,54215,92455
1419,40470,41889
54253,49195,103448
89867,12126,101993
16507,59244,75751
40382,26743,67125
91915,25039,116954
63509,50951,114460
29976,7385,37361
68900,11157,80057
84939,23588,108527
27875,971,28846
82888,40867,123755
10793,14339,25132
95667,45579,141246
82974,61494,144468
35557,51829,87386
41567,56673,98240
88490,74686,163176
19511,72197,91708
32323,8797,41120
69994,3718,73712
66758,81483,148241
86703,4052,90755
89134,58832,147966
95214,29931,125145
78499,9079,87578
99409,63419,162828
68582,24752,93334
42194,33124,75318
45049,75676,120725
85402,73022,158424
3588,62515,66103
95634,28717,124351
49191,78605,127796
25174,63033,88207
36575,16706,53281
59444,14929,74373
56856,94550,151406
72097,10344,82441
97211,68775,165986
16896,22153,39049
60518,66897,127415
2079,29903,31982
25238,72804,98042
99352,21965,121317
5279,33339,38618
44355,87649,132004
37525,23005,60530
83619,36130,119749
49526,7613,57139
73768,33554,107322
45492,17188,62680
46554,17665,64219
53731,1078,54809
62980,26355,89335
34902,92294,127196
98950,39006,137956
64899,7272,72171
33068,99209,132277
86082,75114,161196
31081,14892,45973
94029,84424,178453
89442,4107,93549
80386,26491,106877
64224,24964,89188
46348,77113,123461
46896,42837,89733
1136,41328,42464
19463,84146,103609
16852,34679,51531
44099,55213,99312
31075,93697,124772
47991,61714,109705
10327,46627,56954
36936,88125,125061
34903,58030,92933
23603,56894,80497
68505,25417,93922
71062,15761,86823
25346,9913,35259
63085,9214,72299
9989,22387,32376
64108,54277,118385
59241,98427,157668
69158,55473,124631
39427,83263,122690
10114,50143,60257
7194,2771,9965
74981,23703,98684
46673,53556,100229
25018,5143,30161
26902,18430,45332
89761,23998,113759
43897,54576,98473
22260,77102,99362
22139,5587,27726
39306,74490,113796
94629,88894,183523
49545,53623,103168
95714,47142,142856
448,88329,88777
24476,49995,74471
20872,8947,29819
74485,63196,137681
41800,42081,83881
49328,3280,52608
63807,78888,142695
46745,45221,91966
85440,76771,162211
59552,71415,130967
42081,60461,102542
86285,32815,119100
71213,58975,130188
91280,40779,132059
9323,12473,21796
35138,2153,37291
15343,50144,65487
74113,16618,90731
92690,53114,145804
38345,6526,44871
54452,55667,110119
6408,58253,64661
83197,59430,142627
93206,76985,170191
32816,31471,64287
67179,93370,160549
13157,40806,53963
76610,14487,91097
13443,97561,111004
65208,79175,144383
58313,16858,75171
42593,17172,59765
41467,38059,79526
4327,98692,103019
14229,88681,102910
77350,71392,148742
33175,14093,47268
81037,48788,129825
22254,69736,91990
5004,27433,32437
54509,15332,69841
68839,39380,108219
61082,52678,113760
17040,78040,95080
89454,43028,132482
51688,86902,138590
97383,75330,172713
96727,47583,144310
33051,36433,69484
56731,45664,102395
96490,80022,176512
39619,36328,75947
49879,57757,107636
26116,48593,74709
14649,79902,94551
58986,27383,86369
60168,89262,149430
49218,48602,97820
59571,81720,141291
30421,26292,56713
61204,24264,85468
2667,99049,101716
50841,54037,104878
39025,98775,137800
35387,59183,94570
39535,23303,62838
26310,81780,108090
74616,20179,94795
3550,66890,70440
62359,77529,139888
83239,83213,166452
83364,47554,130918
79768,77479,157247
41148,2193,43341
10079,83882,93961
79356,71052,150408
59310,35769,95079
28974,70187,99161
53790,91926,145716
23729,61677,85406
42726,95046,137772
80235,24348,104583
39471,24995,64466
39148,75299,114447
85246,19397,104643
44267,11402,55669
74395,92224,166619
99660,18891,118551
3538,37824,41362
35074,50088,85162
98302,87818,186120
14355,63547,77902
27571,35848,63419
14058,62533,76591
69870,86462,156332
891,78015,78906
8979,35935,44914
71360,2386,73746
83640,773,84413
11404,95148,106552
19883,49567,69450
89360,17128,106488
43679,32101,75780
38287,59612,97899
87718,44060,131778
22479,61041,83520
83761,18652,102413
35431,75727,111158
31811,99038,130849
38816,21178,59994
19840,84909,104749
15748,76357,92105
13542,85733,99275
89168,95074,184242
6963,96672,103635
33134,19719,52853
26008,18594,44602
20444,20896,41340
97618,59105,156723
70001,92231,162232
9269,16887,26156
73134,49133,122267
95130,81289,176419
80461,55474,135935
80819,80899,161718
70876,83445,154321
3746,40237,43983
64934,70780,135714
29071,56424,85495
66089,40197,106286
58768,37555,96323
33010,73013,106023
29273,24911,54184
28997,69981,98978
93182,63652,156834
27297,17228,44525
95979,45726,141705
69498,13473,82971
20093,93564,113657
85959,75210,161169
52316,3854,56170
55268,14523,69791
50093,84265,134358
4428,25798,30226
45028,43043,88071
32695,19764,52459
35300,44277,79577
90548,64752,155300
84209,87969,172178
90451,69066,159517
41137,75688,116825
90912,22198,113110
83965,25233,109198
14355,97667,112022
99470,88169,187639
79175,12656,91831
8062,70622,78684
67518,23106,90624
99728,19101,118829
57594,52034,109628
21483,42374,63857
45364,75869,121233
67663,14048,81711
86666,60238,146904
71463,84398,155861
16384,20565,36949
88666,24848,113514
42826,64665,107491
79156,67644,146800
38964,25487,64451
86279,73213,159492
58706,97195,155901
66932,56293,123225
4853,15387,20240
70140,37115,107255
89371,25478,114849
21033,92602,113635
80144,29785,109929
4008,19674,23682
38731,57384,96115
28403,8909,37312
79504,93761,173265
29892,16178,46070
48792,17454,66246
66025,62527,128552
31501,86934,118435
64934,80219,145153
26400,47047,73447
97527,83876,181403
27116,9933,37049
54713,78936,133649
11738,81958,93696
43268,85824,129092
15221,29524,44745
67875,87920,155795
42978,21114,64092
39834,57450,97284
32705,65341,98046
37593,13546,51139
24622,83908,108530
89724,94079,183803
29202,84813,114015
80469,86201,166670
48939,60520,109459
63002,78026,141028
42644,83962,126606
89195,48530,137725
14929,96819,111748
20713,79456,100169
27135,72378,99513
48817,63022,111839
77353,50372,127725
96943,48167,145110
77346,10230,87576
7084,40942,48026
92485,64985,157470
14413,46740,61153
9054,85044,94098
70567,18656,89223
66098,13444,79542
55166,20209,75375
12286,60933,73219
56022,82814,138836
6527,43361,49888
80546,46393,126939
72889,64754,137643
2314,21835,24149
7608,34296,41904
13411,28689,42100
72949,86124,159073
6146,53644,59790
52126,98330,150456
35086,36294,71380
59862,56343,116205
32870,61332,94202
2056,89421,91477
11960,44971,56931
24710,36890,61600
26885,95036,121921
24911,70159,95070
23718,19221,42939
4377,98526,102903
35260,89789,125049
63457,61447,124904
87967,62720,150687
95001,14171,109172
37551,57002,94553
86934,57778,144712
91613,4808,96421
97046,95448,192494
60854,97200,158054
72860,14646,87506
83629,82020,165649
50896,91003,141899
82694,89060,171754
54515,59267,113782
86044,32920,118964
7082,44418,51500
44544,17230,61774
89887,28675,118562
69084,12127,81211
99366,92934,192300
92272,64652,156924
53770,96081,149851
74626,73463,148089
89681,23708,113389
19160,25461,44621
40245,1264,41509
95934,77037,172971
88135,83191,171326
52869,97347,150216
15427,99252,114679
82944,81224,164168
92728,5206,97934
25246,5808,31054
54314,33613,87927
68087,53293,121380
58583,90936,149519
35916,63642,99558
18763,73012,91775
51861,50013,101874
78189,51462,129651
71086,65622,136708
24039,7682,31721
93555,34388,127943
81849,17997,99846
87071,84314,171385
51,23181,23232
98814,46815,145629
12954,71070,84024
18726,34272,52998
15025,4015,19040
58454,22213,80667
96354,64751,161105
63824,78601,142425
29981,24283,54264
18205,95662,113867
38264,89060,127324
18179,77685,95864
16937,67210,84147
51545,93474,145019
74950,5156,80106
92887,18685,111572
41367,14638,56005
99213,31630,130843
27079,52128,79207
81274,67121,148395
86029,32612,118641
1548,43998,45546
76944,48481,125425
20407,27655,48062
83460,80332,163792
30019,79426,109445
27651,41297,68948
24371,98214,122585
61616,54173,115789
68585,25850,94435
4437,67696,72133
14712,41441,56153
84361,5328,89689
21784,18551,40335
70893,78405,149298
52170,89950,142120
66536,95412,161948
161,74433,74594
78004,92459,170463
31300,11778,43078
44482,24138,68620
48220,65684,113904
36595,84266,120861
79703,16999,96702
2599,27541,30140
84300,47175,131475
70694,11846,82540
37382,25688,63070
40962,95182,136144
51876,6644,58520
56608,5567,62175
38471,21762,60233
47252,92310,139562
56849,64430,121279
68316,28747,97063
62751,12166,74917
94126,49750,143876
39669,3650,43319
35478,94455,129933
16563,43939,60502
16352,8834,25186
89528,90666,180194
39284,48221,87505
8604,40925,49529
35376,45605,80981
19688,32643,52331
70870,18621,89491
62959,85371,148330
39804,80732,120536
20182,14475,34657
95797,17131,112928
5817,40654,46471
2616,33727,36343
26066,18302,44368
3495,23129,26624
98424,23524,121948
26531,50028,76559
50431,63294,113725
19078,65345,84423
37558,6197,43755
58250,95019,153269
13976,16073,30049
54400,31948,86348
11173,71989,83162
1142,19857,20999
24057,15942,39999
29068,75125,104193
65804,72203,138007
63874,48766,112640
47061,4511,51572
12777,3140,15917
89853,97818,187671
69353,29909,99262
20344,27165,47509
64789,64140,128929
74932,23222,98154
80544,82842,163386
36475,31869,68344
33486,74590,108076
53697,79013,132710
87028,51531,138559
84099,78397,162496
77034,91327,168361
4448,40397,44845
13927,22804,36731
68679,57981,126660
8878,17019,25897
80662,1471,82133
51194,43128,94322
4105,10734,14839
15100,40926,56026
20594,25262,45856
6670,38084,44754
64237,16570,80807
12150,13763,25913
66598,54065,120663
61393,42299,103692
4001,80368,84369
49499,81573,131072
59527,40590,100117
22280,33154,55434
46434,58316,104750
85995,65087,151082
15826,20758,36584
39406,6548,45954
82647,80680,163327
65370,43604,108974
78524,9233,87757
67596,73025,140621
64863,63016,127879
65044,18467,83511
41832,41897,83729
82844,14498,97342
67260,92973,160233
65247,27204,92451
31393,79458,110851
25285,54857,80142
1164,83545,84709
76633,92809,169442
97207,65976,163183
42747,26656,69403
60436,43309,103745
14748,11259,26007
85850,40771,126621
84017,17889,101906
32077,79979,112056
34047,84600,118647
89095,88349,177444
93373,91884,185257
36616,89568,126184
29742,50772,80514
17846,5705,23551
21698,33099,54797
59947,80030,139977
55740,24030,79770
40150,66572,106722
24460,75298,99758
65993,9355,75348
45432,48926,94358
53426,84979,138405
21379,30682,52061
81317,30070,111387
55205,90648,145853
28572,20487,49059
86838,28399,115237
73874,56412,130286
53514,30509,84023
50885,70322,121207
26308,36988,63296
88531,58933,147464
82011,96396,178407
49484,55639,105123
33459,26513,59972
61475,19204,80679
89795,33788,123583
86863,40227,127090
3756,67036,70792
96548,78202,174750
56798,34895,91693
25937,16034,41971
82776,6904,89680
10427,78920,89347
44099,64279,108378
6893,3666,10559
42522,7420,49942
5158,76088,81246
63847,5446,69293
73302,24523,97825
32754,68500,101254
88265,7484,95749
81639,76061,157700
1052,90107,91159
94870,53625,148495
25826,42331,68157
29535,59122,88657
61987,44913,106900
73681,21128,94809
28739,80329,109068
22603,51386,73989
78614,41669,120283
83131,92375,175506
69432,26371,95803
8234,16926,25160
83802,80142,163944
85909,60317,146226
55635,5668,61303
85204,28687,113891
12922,56293,69215
25776,30028,55804
26754,21427,48181
20465,72729,93194
63798,86549,150347
20717,64976,85693
33599,79640,113239
47389,99089,146478
11025,64859,75884
12637,33639,46276
70747,44251,114998
27044,87545,114589
65960,39235,105195
77417,92870,170287
12503,95281,107784
37706,22585,60291
86199,56478,142677
3630,32648,36278
65442,16126,81568
24354,5020,29374
5461,60097,65558
61905,78672,140577
3812,14940,18752
6991,31356,38347
28881,62757,91638
47818,86852,134670
27662,17249,44911
87705,79262,166967
34807,77641,112448
81416,16447,97863
11875,25821,37696
26191,31614,57805
55527,25315,80842
8302,13057,21359
78082,26982,105064
57945,2731,60676
58237,99540,157777
72050,22779,94829
11402,94304,105706
41500,53276,94776
74432,88060,162492
1926,82594,84520
1562,50788,52350
39666,94031,133697
75164,67163,142327
92086,82031,174117
2262,69139,71401
29332,66586,95918
99723,82637,182360
4728,64977,69705
72665,89887,162552
84899,86727,171626
5363,9472,14835
58988,18960,77948
44918,42314,87232
98068,7506,105574
32246,25604,57850
31982,91442,123424
93255,79908,173163
52912,64793,117705
68072,73766,141838
29772,81576,111348
80794,43669,124463
4468,60355,64823
79956,62306,142262
85508,4506,90014
52302,95665,147967
10153,56442,66595
11677,77641,89318
5001,50878,55879
36059,2011,38070
47325,4905,52230
39477,47648,87125
24195,86448,110643
63815,42900,106715
68287,64208,132495
78649,36564,115213
88893,37762,126655
65169,43715,108884
97319,94541,191860
14119,60656,74775
90446,18984,109430
31950,85513,117463
23735,33016,56751
83416,10236,93652
68837,32904,101741
8141,97841,105982
79015,67252,146267
68236,7576,75812
10757,56840,67597
46089,92893,138982
5176,1953,7129
32133,9595,41728
33655,81737,115392
64713,84510,149223
19468,8651,28119
98321,39497,137818
89489,13184,102673
4490,35693,40183
74725,99133,173858
36510,57336,93846
49540,89236,138776
69211,639,69850
76051,47592,123643
13625,75596,89221
11795,13116,24911
37516,42132,79648
4426,97695,102121
56949,42146,99095
30260,51166,81426
56568,34306,90874
71066,51633,122699
79917,71141,151058
63901,75359,139260
17712,36007,53719
62351,62578,124929
98879,81009,179888
93234,79465,172699
62085,18758,80843
260,70812,71072
73891,92374,166265
2054,84877,86931
9576,40498,50074
42895,23140,66035
65606,57715,123321
18526,26185,44711
94325,93531,187856
6418,50891,57309
93611,35044,128655
44043,44714,88757
14024,22684,36708
87493,31946,119439
55708,49467,105175
93667,45403,139070
12662,28547,41209
85037,27669,112706
66292,77698,143990
57045,63803,120848
91146,31763,122909
52892,42177,95069
88175,19429,107604
28494,87266,115760
38277,37235,75512
88005,21827,109832
5480,72432,77912
44820,45749,90569
30493,86428,116921
73355,41633,114988
55783,39402,95185
55182,20121,75303
39986,73918,113904
38720,83414,122134
40389,77318,117707
41400,32191,73591
82119,69195,151314
43700,70679,114379
46336,97246,143582
18255,99519,117774
56876,57391,114267
53112,94227,147339
60514,77663,138177
73440,55815,129255
37218,38152,75370
20730,44338,65068
41015,85503,126518
90073,20683,110756
73839,23979,97818
9767,78438,88205
35452,86547,121999
35328,79304,114632
24585,71927,96512
44656,13791,58447
57628,30905,88533
67241,81623,148864
96522,82808,179330
15230,99856,115086
91816,57167,148983
83469,22562,106031
82078,37367,119445
16113,4731,20844
51077,94140,145217
27074,85946,113020
90035,97948,187983
1685,16986,18671
91776,22612,114388
90327,61439,151766
35345,97206,132551
27921,37297,65218
24800,27455,52255
98208,10848,109056
11207,3829,15036
58448,36421,94869
27331,79586,106917
57247,73718,130965
79970,74569,154539
10678,52133,62811
24561,48851,73412
63357,99272,162629
30261,87304,117565
36783,41884,78667
70742,7438,78180
68674,19766,88440
60194,9439,69633
54303,84622,138925
91462,38293,129755
98961,47996,146957
79279,44768,124047
10326,75071,85397
79162,80160,159322
65556,13806,79362
24192,81778,105970
27654,93919,121573
90820,64838,155658
95523,11323,106846
48788,22072,70860
60,78800,78860
72578,19867,92445
56545,86406,142951
84868,11685,96553
24458,33052,57510
44089,65692,109781
69561,26753,96314
53984,36717,90701
75444,12933,88377
22624,49581,72205
17993,15685,33678
17251,15077,32328
92849,8411,101260
46061,52448,98509
92096,41609,133705
46845,93772,140617
61749,30735,92484
27642,27209,54851
3315,70952,74267
6077,32690,38767
35710,2439,38149
73250,11131,84381
11,30664,30675
61428,6630,68058
39147,85398,124545
52504,29514,82018
73596,18703,92299
91662,6725,98387
75879,84704,160583
56589,94709,151298
31674,61228,92902
40910,52572,93482
1642,78488,80130
54027,89017,143044
53702,11998,65700
40179,39727,79906
12409,51658,64067
65937,57262,123199
13420,63304,76724
2647,77199,79846
24426,37016,61442
9753,16823,26576
85418,55180,140598
14334,8243,22577
75147,8630,83777
28818,14404,43222
27953,78555,106508
46121,60437,106558
59799,97400,157199
4923,45685,50608
58614,25861,84475
25522,1625,27147
49791,69002,118793
65142,87599,152741
38221,16705,54926
8571,61010,69581
82979,11394,94373
9907,22118,32025
40147,65050,105197
52545,37016,89561
12959,4521,17480
40985,74520,115505
31128,53439,84567
10642,87466,98108
902,81273,82175
39018,24880,63898
61728,73855,135583
86354,11541,97895
23316,83101,106417
61733,10428,72161
91995,37179,129174
19689,68281,87970
80127,79270,159397
12180,525,12705
21503,81786,103289
19911,85796,105707
86797,70313,157110
54770,14569,69339
96942,39523,136465
87627,57684,145311
44120,39202,83322
85853,69550,155403
12832,30905,43737
46743,25263,72006
12371,52334,64705
25533,77136,102669
69935,9694,79629
12286,53687,65973
84546,48588,133134
35727,96209,131936
33752,65975,99727
94662,92490,187152
69084,50614,119698
86346,74886,161232
67198,79976,147174
86482,48433,134915
89308,46671,135979
56075,63631,119706
12481,67430,79911
91945,36351,128296
77057,70971,148028
37807,96314,134121
86079,7583,93662
92824,49670,142494
28621,63207,91828
96867,94838,191705
63225,62263,125488
23325,8475,31800
98074,3262,101336
96998,16822,113820
52338,43439,95777
29798,16705,46503
41297,62780,104077
96438,46593,143031
76959,39979,116938
94722,51108,145830
10296,57380,67676
20528,7792,28320
23114,6667,29781
76341,72700,149041
72466,76667,149133
17375,71041,88416
6680,43388,50068
5592,20400,25992
211,37334,37545
30507,74521,105028
8470,86469,94939
7515,2413,9928
77056,9715,86771
30819,66645,97464
81519,71843,153362
44495,67918,112413
77633,8772,86405
57919,6658,64577
41025,29200,70225
82119,92335,174454
21359,45856,67215
39731,95276,135007
52625,63696,116321
32977,65455,98432
70981,71583,142564
65876,40416,106292
5977,69453,75430
9644,22732,32376
4619,25323,29942
86456,92519,178975
94196,91531,185727
71385,76775,148160
26056,946,27002
47488,23580,71068
6568,54567,61135
96414,20325,116739
36741,74963,111704
31813,83497,115310
2791,79895,82686
64400,21816,86216
74954,65522,140476
49048,62938,111986
49774,84179,133953
43788,52343,96131
30783,67490,98273
85004,11802,96806
63530,52562,116092
60301,40798,101099
46021,64519,110540
14150,50454,64604
20732,59444,80176
75406,179,75585
19343,97440,116783
42675,52715,95390
74225,30288,104513
19849,3757,23606
54599,81494,136093
25267,63591,88858
76887,69623,146510
89269,75206,164475
67814,83564,151378
76061,58136,134197
99468,63609,163077
44990,5901,50891
82860,62807,145667
46378,74955,121333
3867,33580,37447
2823,7426,10249
69615,68964,138579
82437,66205,148642
22446,93264,115710
99098,75594,174692
86950,73986,160936
90751,21700,112451
14173,63112,77285
30127,85323,115450
65794,27810,93604
92552,78299,170851
27884,68216,96100
34636,68727,103363
94433,24221,118654
29325,49911,79236
29786,10509,40295
75284,93241,168525
59073,20611,79684
33395,94942,128337
5697,15067,20764
51014,71508,122522
30938,94910,125848
54391,1632,56023
78263,74815,153078
94620,30196,124816
32005,58252,90257
84188,82427,166615
40533,693,41226
12668,72299,84967
31375,92786,124161
94381,59794,154175
78179,28958,107137
21652,36254,57906
26303,64040,90343
87387,55509,142896
71377,73584,144961
39789,90045,129834
16668,29192,45860
54866,19879,74745
24005,34579,58584
95059,15494,110553
40757,6602,47359
64530,48604,113134
88176,41826,130002
13819,9994,23813
40755,86220,126975
66779,56631,123410
54248,7815,62063
87729,30064,117793
88521,28975,117496
12573,53642,66215
84420,93902,178322
93773,62939,156712
90760,16209,106969
8366,17223,25589
51806,37603,89409
95602,68055,163657
67268,21282,88550
59632,57069,116701
96562,60197,156759
74174,72397,146571
55265,94560,149825
18239,76622,94861
5169,19737,24906
88847,85035,173882
92231,89272,181503
61213,82585,143798
63998,14139,78137
43172,35523,78695
90715,13452,104167
85544,38672,124216
44729,65300,110029
48634,95255,143889
70907,73809,144716
89562,27295,116857
63639,28665,92304
57351,4671,62022
63691,694,64385
86445,39446,125891
91352,4781,96133
50416,11614,62030
22101,10060,32161
17337,76329,93666
19528,34825,54353
22663,2312,24975
55221,17752,72973
60573,1758,62331
83897,15236,99133
82728,96241,178969
16404,49342,65746
28966,5441,34407
39004,2281,41285
85762,61368,147130
50340,48406,98746
96802,84209,181011
14050,61292,75342
40226,34479,74705
87451,33286,120737
89548,95821,185369
29970,55570,85540
37499,91556,129055
54581,78012,132593
99985,30085,130070
66571,41831,108402
17446,90254,107700
97898,77298,175196
1710,66916,68626
89979,76204,166183
28422,57363,85785
68250,5457,73707
60261,94320,154581
12059,59150,71209
14414,19161,33575
39695,29117,68812
42924,89421,132345
33307,73619,106926
82752,92290,175042
16188,67592,83780
73814,74210,148024
72344,91960,164304
16094,66197,82291
95753,8165,103918
41616,33918,75534
96483,83538,180021
44842,26961,71803
54867,46360,101227
22912,19968,42880
36630,42510,79140
59631,11121,70752
75967,87248,163215
14941,70474,85415
16626,40314,56940
89656,67504,157160
97235,85266,182501
97800,12860,110660
6195,30220,36415
51151,28626,79777
24479,32839,57318
10341,85611,95952
4864,11158,16022
93140,58383,151523
40433,40922,81355
60205,97432,157637
70009,24928,94937
88952,85403,174355
22079,65794,87873
34437,88770,123207
63013,78739,141752
76379,78515,154894
56840,968,57808
78435,42147,120582
2572,17696,20268
48326,46286,94612
49423,83478,132901
22832,13679,36511
76675,79963,156638
40245,52944,93189
12164,23264,35428
68933,51182,120115
5357,41078,46435
48034,78549,126583
875,13036,13911
67228,78546,145774
64783,55178,119961
13611,33425,47036
38288,93395,131683
74540,88706,163246
80788,39471,120259
98824,97046,195870
22333,42452,64785
45962,82891,128853
57365,25851,83216
50607,53813,104420
13614,89955,103569
76351,65804,142155
47797,87762,135559
10640,27661,38301
47746,47091,94837
94298,11782,106080
33033,23128,56161
37920,56536,94456
86961,60366,147327
624,69924,70548
29810,84938,114748
33081,14069,47150
58643,36175,94818
60365,61042,121407
85704,68527,154231
99913,10624,110537
71156,27991,99147
81693,59423,141116
69919,78664,148583
94609,69007,163616
32760,55797,88557
7147,68467,75614
15188,23052,38240
33927,78563,112490
18744,41135,59879
49505,39914,89419
47259,84397,131656
57101,70002,127103
84512,24271,108783
13976,83671,97647
50160,72782,122942
75414,26598,102012
21212,13531,34743
57098,89998,147096
53681,25815,79496
2469,48298,50767
59826,73019,132845
21580,3850,25430
85340,80478,165818
47892,63205,111097
55354,28324,83678
33356,12591,45947
12438,51208,63646
97467,88409,185876
12851,7314,20165
67871,9950,77821
9592,26728,36320
88174,95481,183655
5684,21144,26828
14654,81679,96333
58126,66715,124841
24250,18365,42615
51088,60749,111837
98797,23992,122789
34620,41084,75704
11732,76864,88596
58142,28132,86274
44238,94782,139020
49870,11035,60905
63666,18065,81731
67459,60176,127635
61004,93601,154605
2660,85463,88123
12281,89291,101572
82441,45793,128234
68210,15623,83833
23321,36459,59780
75907,69808,145715
59762,62819,122581
11831,70339,82170
85645,42331,127976
33096,82774,115870
59048,80915,139963
57164,94615,151779
52614,1405,54019
71059,38657,109716
40940,7163,48103
21901,27799,49700
64867,39982,104849
38884,42617,81501
20251,71757,92008
60785,47977,108762
60275,11174,71449
34196,64638,98834
21969,95407,117376
70485,43733,114218
33299,3422,36721
63044,32943,95987
60980,26613,87593
72029,24515,96544
16002,53777,69779
11355,87469,98824
91682,5503,97185
74531,42486,117017
35398,20393,55791
65038,1454,66492
66186,60934,127120
53498,27336,80834
65379,15495,80874
31787,8000,39787
78024,2084,80108
75941,43601,119542
2269,54664,56933
23927,2361,26288
64658,20449,85107
19514,98035,117549
35888,17054,52942
23386,78677,102063
46325,98885,145210
92023,43825,135848
56901,23048,79949
31369,43972,75341
6304,63071,69375
8090,62655,70745
55180,63193,118373
87707,85349,173056
56442,2343,58785
67096,13646,80742
23874,23470,47344
12018,87435,99453
83995,70547,154542
14107,56156,70263
31151,36252,67403
99871,93132,193003
38565,81448,120013
12249,23704,35953
33364,58790,92154
26600,37352,63952
36756,73898,110654
24282,84665,108947
73619,43977,117596
75234,98693,173927
99354,553,99907
64851,46802,111653
53943,86000,139943
98145,63426,161571
35492,54735,90227
94924,92079,187003
85145,37800,122945
91681,96320,188001
18725,18968,37693
27539,78381,105920
2284,68934,71218
95880,63337,159217
36241,30155,66396
44958,63463,108421
85724,31941,117665
48265,58751,107016
42845,47122,89967
12328,91543,103871
19858,12407,32265
75754,97018,172772
67501,7576,75077
88039,24311,112350
7111,80412,87523
95871,19134,115005
47727,9851,57578
41565,80534,122099
14414,32134,46548
18319,42029,60348
95906,35636,131542
69319,72747,142066
21313,2810,24123
90891,27869,118760
1278,51016,52294
29560,27939,57499
74571,14434,89005
62732,80727,143459
28282,3994,32276
42500,57910,100410
98378,34684,133062
88927,96219,185146
3657,34363,38020
21055,71735,92790
19115,16224,35339
82264,13256,95520
24280,63059,87339
51174,83000,134174
50909,71908,122817
59199,46580,105779
42582,37367,79949
92053,81617,173670
6599,1243,7842
47978,40773,88751
74910,48774,123684
9414,73618,83032
29130,79314,108444
25962,99458,125420
88887,66330,155217
89669,95250,184919
341,34544,34885
63384,26097,89481
40907,35611,76518
56326,25589,81915
36578,96926,133504
63097,8679,71776
16059,92623,108682
69141,20064,89205
98130,36064,134194
23919,7850,31769
17371,40284,57655
85595,76706,162301
10926,99051,109977
7742,54756,62498
55322,60346,115668
60057,11668,71725
34162,73377,107539
70016,39205,109221
48961,20512,69473
33707,57836,91543
39209,80512,119721
69771,36952,106723
81159,22662,103821
1939,21667,23606
22364,46509,68873
43652,32596,76248
58884,84356,143240
49881,5360,55241
82745,39484,122229
20841,49620,70461
12319,94133,106452
73938,43315,117253
39455,84604,124059
59178,52917,112095
20034,90524,110558
29284,84384,113668
12176,83296,95472
11515,1116,12631
27428,70120,97548
12119,46096,58215
56374,84435,140809
19896,16091,35987
87391,49162,136553
79034,20847,99881
33207,67819,101026
46469,97433,143902
17094,79771,96865
73975,84458,158433
68309,7498,75807
35575,11494,47069
20329,62128,82457
1541,16015,17556
61169,3639,64808
91326,9818,101144
10185,8964,19149
54958,86128,141086
27086,73416,100502
38549,28626,67175
73187,5511,78698
8228,51999,60227
46853,43846,90699
19243,53896,73139
18415,23338,41753
18821,46605,65426
95822,59678,155500
10083,74936,85019
89095,3751,92846
31733,87861,119594
15404,38169,53573
2256,50449,52705
92663,82402,175065
13850,88224,102074
87698,35400,123098
41806,60706,102512
81399,61140,142539
8086,67193,75279
86040,14600,100640
11699,13215,24914
91964,12426,104390
65555,64332,129887
32948,27625,60573
81671,64597,146268
28825,68808,97633
43645,33895,77540
9671,72560,82231
33713,43890,77603
74505,86987,161492
96071,9825,105896
71155,49116,120271
45825,93232,139057
59967,9760,69727
1389,84981,86370
93686,16883,110569
41658,46567,88225
58912,37783,96695
57030,87928,144958
88525,43594,132119
33477,91007,124484
73823,96929,170752
5260,40733,45993
78568,41767,120335
34262,5861,40123
73667,84478,158145
92474,98283,190757
64889,48538,113427
19318,38443,57761
49258,25456,74714
29734,49990,79724
77214,24275,101489
21820,39687,61507
5682,12516,18198
44840,42617,87457
12623,48093,60716
18764,94628,113392
1611,1661,3272
52581,85200,137781
53773,97218,150991
12171,19044,31215
90442,60360,150802
62762,19905,82667
13711,42639,56350
91908,55981,147889
49339,48986,98325
47356,4644,52000
72822,16084,88906
35949,87493,123442
48615,30895,79510
73134,8011,81145
82816,37126,119942
56772,55471,112243
96785,73562,170347
50375,27637,78012
56186,59250,115436
69056,12701,81757
18780,18808,37588
61187,68807,129994
38396,81797,120193
46228,59505,105733
41724,47593,89317
64209,734,64943
332,68125,68457
66718,56374,123092
12943,41257,54200
65019,47283,112302
74598,75295,149893
36342,9755,46097
16067,15434,31501
94795,99370,194165
41291,57227,98518
38334,17371,55705
9251,40817,50068
13190,13905,27095
18801,49158,67959
44858,35671,80529
42439,77098,119537
57340,14772,72112
48215,55741,103956
76917,21439,98356
5431,29503,34934
32575,75666,108241
21851,98801,120652
40565,23656,64221
7544,81198,88742
26157,17917,44074
35973,82825,118798
94152,21289,115441
37936,82109,120045
17494,14979,32473
49644,25344,74988
2333,15789,18122
39794,4264,44058
63813,21765,85578
58794,66530,125324
81953,56543,138496
71746,80352,152098
35562,84530,120092
50044,70915,120959
97294,63576,160870
74183,30653,104836
14008,37393,51401
2105,18335,20440
6941,99944,106885
89372,20541,109913
49829,36003,85832
34334,58890,93224
37805,90871,128676
36652,46034,82686
92733,24506,117239
25460,78705,104165
42299,35457,77756
43400,37302,80702
71559,76791,148350
87798,10944,98742
78099,4225,82324
1956,53394,55350
7784,69688,77472
48166,22742,70908
57667,72858,130525
60363,30961,91324
64815,21475,86290
63780,89362,153142
74861,16657,91518
76271,32657,108928
61882,16350,78232
23053,71486,94539
18215,48734,66949
22187,24051,46238
59732,95854,155586
55025,14389,69414
2111,71675,73786
21297,78071,99368
39844,57069,96913
13619,11724,25343
57772,73134,130906
6718,96383,103101
39533,66026,105559
91804,39856,131660
17921,46071,63992
87835,31379,119214
89843,65442,155285
40450,78230,118680
54926,49843,104769
37477,4000,41477
50262,204,50466
7284,51121,58405
1668,39818,41486
97138,48134,145272
28706,77128,105834
77633,78166,155799
74505,31941,106446
29040,1366,30406
5478,52897,58375
33217,75179,108396
81983,5024,87007
68961,78379,147340
52814,11676,64490
7736,27702,35438
19664,74556,94220
84515,52410,136925
14547,33266,47813
81690,38247,119937
35207,72133,107340
94975,81821,176796
98367,46460,144827
61563,35146,96709
98427,70589,169016
30462,138,30600
88071,4972,93043
50372,6258,56630
16551,74860,91411
73628,30612,104240
85335,73542,158877
52363,83112,135475
81861,24652,106513
18607,40016,58623
7759,25651,33410
77898,4998,82896
87878,48452,136330
34433,5524,39957
44499,31125,75624
45664,26060,71724
21432,53469,74901
47304,52386,99690
40473,74713,115186
29256,17513,46769
43752,53236,96988
57964,92382,150346
32445,63261,95706
47843,94495,142338
94861,43556,138417
71028,77273,148301
666,56338,57004
21479,84837,106316
73744,69349,143093
74997,72948,147945
2550,81146,83696
91528,49963,141491
16456,24681,41137
7296,16097,23393
75349,38821,114170
55215,31388,86603
14223,12749,26972
36676,82311,118987
49139,8063,57202
66117,10170,76287
13968,43923,57891
93670,81450,175120
8462,30570,39032
62366,68783,131149
49348,15394,64742
64455,33207,97662
75852,29886,105738
93591,90937,184528
89683,52185,141868
22777,96858,119635
22449,84367,106816
64931,77223,142154
50285,90531,140816
22870,88199,111069
18217,49649,67866
81222,25441,106663
94242,89381,183623
74363,5131,79494
99325,14634,113959
98643,83738,182381
70157,35706,105863
69143,69712,138855
66283,7851,74134
52592,49823,102415
25365,75623,100988
50810,79598,130408
40663,21158,61821
45865,40229,86094
82581,68352,150933
85894,29776,115670
79777,94533,174310
71841,72512,144353
59960,72216,132176
91605,68226,159831
18481,53462,71943
34349,89366,123715
92067,81482,173549
8789,76285,85074
44944,9796,54740
57104,28639,85743
64182,41164,105346
73253,55184,128437
73494,30509,104003
50077,66631,116708
15535,4397,19932
58573,88951,147524
12980,14933,27913
67558,99402,166960
80637,75624,156261
82040,90766,172806
76475,75114,151589
42405,33684,76089
83454,77241,160695
16553,88574,105127
80006,61042,141048
84451,86535,170986
993,51993,52986
68832,51205,120037
22748,73420,96168
10268,62666,72934
73230,38810,112040
13203,28513,41716
78469,27460,105929
42743,64780,107523
54852,24832,79684
57575,7332,64907
51520,57259,108779
23679,5829,29508
99227,63100,162327
42932,33907,76839
84718,79607,164325
84926,71154,156080
46780,23314,70094
82800,97279,180079
9265,93039,102304
41719,81290,123009
31803,3317,35120
91859,42979,134838
91282,67329,158611
62974,98200,161174
2224,20280,22504
71352,6726,78078
4197,61841,66038
48991,61287,110278
30014,42897,72911
85651,88562,174213
32009,71711,103720
29709,34883,64592
97817,4367,102184
80996,75340,156336
55631,36705,92336
38496,68808,107304
13242,88691,101933
81168,42141,123309
96519,17624,114143
94652,71837,166489
42014,47933,89947
16565,18991,35556
89990,79322,169312
5917,47171,53088
77736,16561,94297
59012,3820,62832
77689,44216,121905
78058,99019,177077
25969,90993,116962
76580,75192,151772
77271,5233,82504
23052,13453,36505
62415,46189,108604
61306,39593,100899
88343,83659,172002
41810,25271,67081
42118,48365,90483
22088,68318,90406
40602,38472,79074
1255,90694,91949
96011,46434,142445
60679,1578,62257
51361,71639,123000
22506,50456,72962
40777,14740,55517
78773,80196,158969
49262,57439,106701
97216,65748,162964
56547,31062,87609
46930,45961,92891
75399,44177,119576
3084,54529,57613
53579,36779,90358
55611,27380,82991
22180,12125,34305
69752,31147,100899
39584,29098,68682
49948,19506,69454
12300,32173,44473
38218,11343,49561
93934,5189,99123
34545,36566,71111
69529,43510,113039
8251,97619,105870
149,81508,81657
43872,61442,105314
19561,26415,45976
82865,43890,126755
7191,34975,42166
57301,58207,115508
35184,39337,74521
81364,4219,85583
59479,61141,120620
71084,36324,107408
70627,8822,79449
84157,42980,127137
8759,85066,93825
34872,74002,108874
73669,59860,133529
8650,38470,47120
85919,10621,96540
50897,94025,144922
81438,5996,87434
57244,79844,137088
61138,28575,89713
96745,79163,175908
71021,48239,119260
82909,40627,123536
99309,11785,111094
52842,89548,142390
25759,25487,51246
33241,8543,41784
5313,23050,28363
24545,33400,57945
13397,47529,60926
70770,53878,124648
14254,65784,80038
64109,35379,99488
31567,15697,47264
43761,72836,116597
15998,96944,112942
94863,531,95394
94534,2591,97125
14014,10219,24233
8506,12473,20979
7551,33604,41155
767,66046,66813
6463,91341,97804
5785,87813,93598
22236,98408,120644
48877,56580,105457
78448,5500,83948
5304,68886,74190
61214,969,62183
374,4786,5160
16457,71285,87742
85411,71641,157052
86705,85820,172525
80365,56186,136551
92066,60728,152794
33177,15150,48327
73498,25985,99483
19001,87141,106142
77420,34545,111965
55354,34328,89682
52311,59885,112196
76162,30926,107088
94774,22336,117110
52320,31703,84023
19876,3475,23351
42848,67717,110565
9462,84301,93763
93687,533,94220
84816,30575,115391
2445,49314,51759
51559,8669,60228
73973,73310,147283
92924,3218,96142
44959,55458,100417
38604,95956,134560
2186,46410,48596
28425,83301,111726
30097,71474,101571
64439,25471,89910
65124,868,65992
42451,47792,90243
6429,87346,93775
41030,325,41355
89391,70450,159841
18654,98443,117097
25975,42847,68822
48291,41241,89532
1763,21066,22829
7187,27859,35046
45995,45416,91411
20573,64040,84613
32032,59602,91634
59005,44366,103371
65146,45779,110925
29367,42663,72030
58466,11187,69653
99179,15656,114835
89768,20784,110552
34664,76994,111658
78924,71443,150367
79859,10965,90824
24116,57314,81430
36206,62883,99089
49204,22507,71711
64146,33701,97847
23879,88886,112765
32856,984,33840
11949,57786,69735
35114,82684,117798
70607,20204,90811
33519,12759,46278
76150,93112,169262
45133,89945,135078
50828,89791,140619
64988,7863,72851
97026,28446,125472
10035,96805,106840
81017,79589,160606
88332,27466,115798
98317,64193,162510
2280,13919,16199
47692,80392,128084
24497,55130,79627
98979,9058,108037
12478,26175,38653
7651,95878,103529
39256,42735,81991
26649,67391,94040
84153,39408,123561
43133,96826,139959
10317,49436,59753
87945,69948,157893
83190,955,84145
73476,30506,103982
51519,26397,77916
14525,62958,77483
1627,34067,35694
32063,24768,56831
65900,14112,80012
29863,47263,77126
58075,77750,135825
9954,84638,94592
14248,41791,56039
26606,85852,112458
70873,25819,96692
8808,96936,105744
90347,35600,125947
66689,51917,118606
77416,95139,172555
77905,67876,145781
41286,94301,135587
99430,89638,189068
1330,85497,86827
979,56843,57822
85683,41550,127233
76490,20289,96779
94798,78877,173675
84597,19607,104204
20634,23491,44125
64370,28908,93278
86780,6317,93097
86329,42439,128768
40062,13805,53867
24922,4221,29143
84009,14914,98923
19849,49759,69608
62796,27840,90636
39645,84179,123824
93847,97317,191164
23246,36022,59268
56238,43356,99594
50182,35848,86030
6900,9689,16589
30060,5250,35310
49701,6067,55768
26037,91800,117837
85789,41272,127061
43722,5616,49338
29312,13757,43069
62661,53348,116009
80459,32027,112486
17693,24313,42006
88393,56338,144731
99040,28219,127259
68691,84473,153164
7613,59174,66787
42097,35447,77544
27143,88237,115380
54312,29260,83572
63296,97429,160725
94155,6635,100790
1866,20770,22636
25859,50271,76130
91377,30496,121873
47738,5822,53560
67578,91078,158656
69538,47451,116989
46100,84931,131031
74954,25635,100589
56336,45841,102177
23579,94565,118144
68428,30205,98633
46222,1487,47709
11166,23641,34807
54232,14449,68681
9736,75276,85012
97049,72512,169561
64059,68154,132213
29845,49431,79276
47111,99082,146193
54201,11034,65235
36091,85078,121169
63807,94689,158496
5332,25159,30491
76005,35590,111595
12695,45141,57836
77156,12495,89651
5185,10876,16061
95793,99039,194832
93510,13153,106663
6368,80221,86589
35392,25291,60683
87220,12327,99547
78055,50425,128480
93810,85456,179266
64216,70021,134237
43804,80276,124080
6279,55116,61395
28603,12077,40680
1556,73677,75233
87902,35573,123475
12486,35104,47590
77428,3493,80921
50235,26779,77014
24910,84930,109840
45067,22067,67134
27735,93108,120843
57483,50818,108301
61745,9760,71505
27663,13603,41266
5041,8606,13647
4912,32827,37739
51322,22232,73554
98802,73369,172171
38970,81168,120138
30952,89048,120000
23902,80311,104213
41686,48089,89775
53777,26451,80228
87037,71682,158719
210,28789,28999
9155,7602,16757
97281,13770,111051
84506,65609,150115
10429,2000,12429
37205,50375,87580
26199,63212,89411
55367,20898,76265
63685,61308,124993
53032,20609,73641
5847,33433,39280
60520,71925,132445
49611,5835,55446
82932,13638,96570
65043,14625,79668
83312,80495,163807
7032,9702,16734
95594,1612,97206
64,12803,12867
56246,42811,99057
62246,52934,115180
54939,67674,122613
7074,89349,96423
18189,61055,79244
65588,37753,103341
46798,84807,131605
55042,74364,129406
32093,62813,94906
14258,88284,102542
22443,53352,75795
95168,7913,103081
36258,58702,94960
87797,13186,100983
49493,36977,86470
92858,50841,143699
86800,6103,92903
95964,60306,156270
12068,86857,98925
57837,79648,137485
20388,10164,30552
35400,89337,124737
47333,4403,51736
1930,91975,93905
44513,12394,56907
37539,31805,69344
96922,35122,132044
23155,93776,116931
15220,85476,100696
77710,79328,157038
3459,16197,19656
43711,51103,94814
63401,11424,74825
37351,58808,96159
50640,61422,112062
20234,9941,30175
72024,31884,103908
4542,57696,62238
70499,19414,89913
46768,702,47470
55680,50001,105681
75037,33791,108828
97146,59797,156943
17236,66611,83847
88686,37793,126479
36825,10329,47154
43788,31334,75122
21325,2989,24314
82568,10432,93000
64818,50349,115167
67044,82517,149561
10412,14565,24977
92969,87686,180655
34453,31123,65576
7416,68947,76363
59369,48176,107545
6257,38037,44294
96774,54989,151763
22735,47366,70101
63751,6688,70439
99824,19422,119246
56011,87488,143499
93537,15716,109253
42933,51034,93967
28386,79419,107805
67677,27455,95132
83720,88062,171782
47918,12009,59927
56297,4045,60342
5230,34894,40124
20761,30958,51719
2255,29117,31372
7705,73027,80732
24814,99889,124703
44717,86780,131497
10865,73669,84534
3498,12965,16463
12818,7860,20678
97511,89192,186703
54883,53736,108619
96053,70892,166945
91630,84032,175662
1741,47577,49318
80320,79811,160131
41482,68469,109951
87756,70293,158049
25558,86759,112317
8528,80950,89478
81421,73857,155278
22104,33811,55915
5868,99181,105049
63528,84376,147904
48933,48442,97375
27868,61220,89088
74613,64592,139205
85992,48158,134150
54221,77389,131610
4235,31872,36107
54163,77769,131932
32606,84922,117528
59685,45538,105223
22621,6894,29515
32420,78589,111009
77712,93180,170892
20576,58994,79570
16817,64256,81073
55132,3464,58596
37258,3626,40884
34602,54051,88653
96237,16960,113197
68563,36525,105088
29911,15742,45653
10664,16985,27649
15507,11059,26566
34792,6471,41263
82003,41827,123830
66736,88179,154915
55869,88703,144572
48805,2538,51343
35285,68271,103556
3515,40103,43618
32960,50403,83363
5596,92574,98170
29588,87282,116870
39801,61059,100860
33810,42712,76522
22777,45030,67807
47502,68980,116482
91073,5684,96757
89081,91817,180898
27415,61220,88635
83578,16261,99839
49015,34318,83333
53368,49230,102598
96576,68852,165428
87667,40335,128002
40079,81606,121685
9475,52264,61739
37943,7607,45550
97790,52143,149933
65750,42743,108493
91593,966,92559
56122,80619,136741
31963,72545,104508
15479,46586,62065
2904,69739,72643
21476,56912,78388
27012,79758,106770
63241,19225,82466
26827,21585,48412
46851,16132,62983
20435,15361,35796
23997,73471,97468
12557,26401,38958
47093,11796,58889
42526,89326,131852
51828,79061,130889
42800,56646,99446
60465,23559,84024
21405,69460,90865
59526,99678,159204
90565,97335,187900
41100,43493,84593
48898,31190,80088
72143,91732,163875
21911,73585,95496
45339,57520,102859
50271,65561,115832
46864,25482,72346
81974,79517,161491
38202,65934,104136
47050,14215,61265
7122,18170,25292
28838,69459,98297
50811,2439,53250
4239,43094,47333
87520,28648,116168
48945,24401,73346
20625,92524,113149
52661,9926,62587
89427,2611,92038
4857,29064,33921
11306,47223,58529
81939,49358,131297
86802,57124,143926
17686,76433,94119
34975,45916,80891
7199,87352,94551
42916,68494,111410
72253,25161,97414
97489,62399,159888
87403,79247,166650
55425,7915,63340
4977,43298,48275
72585,64603,137188
12551,45293,57844
59086,88482,147568
4668,58737,63405
75759,25934,101693
38662,49411,88073
1866,88379,90245
43276,90367,133643
47951,74369,122320
29402,20124,49526
4340,59780,64120
66135,728,66863
55331,63430,118761
38875,18107,56982
10486,62252,72738
48113,84755,132868
83850,10907,94757
22779,20680,43459
16251,11452,27703
3398,95736,99134
50676,79508,130184
10298,73286,83584
32664,59740,92404
73162,16723,89885
43559,84204,127763
6035,32283,38318
65618,19069,84687
7708,8488,16196
18686,95197,113883
38956,81854,120810
10267,8948,19215
64823,47146,111969
61744,51958,113702
86922,61688,148610
75734,46743,122477
43822,4206,48028
13600,42025,55625
86455,43289,129744
35688,22861,58549
2915,93352,96267
54586,11155,65741
47144,93658,140802
90999,43468,134467
56370,26678,83048
70859,40443,111302
53411,15531,68942
51536,45361,96897
33705,68031,101736
43215,78057,121272
66721,16470,83191
38597,20610,59207
89296,42120,131416
86680,35936,122616
59177,32222,91399
40896,10285,51181
63290,55993,119283
53523,69515,123038
77352,23606,100958
59153,74495,133648
60273,42767,103040
88109,52497,140606
21663,3230,24893
61110,32363,93473
49978,53745,103723
76259,8733,84992
87324,20867,108191
63481,53649,117130
92403,53881,146284
94049,48957,143006
64975,4777,69752
67916,36912,104828
32024,76192,108216
44290,16367,60657
49440,71629,121069
19804,31222,51026
51075,68255,119330
35119,8154,43273
49239,22219,71458
88048,6711,94759
87735,61502,149237
99490,9309,108799
69444,39853,109297
8666,53537,62203
1698,83936,85634
30505,35878,66383
57863,46543,104406
94913,30569,125482
86188,24831,111019
61157,71949,133106
27896,73295,101191
9313,2457,11770
52298,79648,131946
76731,21244,97975
78509,62583,141092
47756,56886,104642
41695,15558,57253
67628,1641,69269
65308,80540,145848
135,47830,47965
54101,84094,138195
6854,9033,15887
25781,34933,60714
73211,5803,79014
19337,82076,101413
80134,13348,93482
99609,79563,179172
65181,13241,78422
25829,92775,118604
36604,90042,126646
17529,29360,46889
9439,3549,12988
1056,37444,38500
69312,13533,82845
36182,91293,127475
85348,83296,168644
85318,97531,182849
81001,35738,116739
40175,99456,139631
44473,69297,113770
34586,37061,71647
39093,23738,62831
80746,79816,160562
89569,29969,119538
7158,10614,17772
67385,31891,99276
30481,66577,97058
11620,96799,108419
82518,12325,94843
42881,97863,140744
79533,14793,94326
27346,50520,77866
59183,3690,62873
3057,16800,19857
96790,89706,186496
3319,58843,62162
41698,46118,87816
87973,17583,105556
66969,98373,165342
78402,33842,112244
69745,6060,75805
18268,76346,94614
33036,55735,88771
86677,81403,168080
63797,37140,100937
30610,82114,112724
99796,44123,143919
99456,39024,138480
5026,55997,61023
16836,81234,98070
84034,34262,118296
53969,18570,72539
6533,95472,102005
17305,59573,76878
76083,58402,134485
36274,88220,124494
15449,96732,112181
41168,46711,87879
49222,59217,108439
26112,68658,94770
7079,3482,10561
82893,67675,150568
43786,10101,53887
67029,59926,126955
6383,17982,24365
86753,88093,174846
64889,98648,163537
9462,60571,70033
22247,28547,50794
99599,32577,132176
23570,3458,27028
66451,41619,108070
26956,24382,51338
3941,32931,36872
10190,51778,61968
29645,20504,50149
33485,69149,102634
31778,85130,116908
92138,19368,111506
55142,31521,86663
78527,11439,89966
17417,87802,105219
5635,11578,17213
64974,53307,118281
86891,15401,102292
10047,67139,77186
15380,68425,83805
56024,52458,108482
46568,26376,72944
30381,31973,62354
99029,6642,105671
54830,77142,131972
45730,28387,74117
2637,25850,28487
47203,90206,137409
14675,83418,98093
14032,88872,102904
7874,9066,16940
88730,986,89716
41574,63604,105178
10695,28763,39458
265,64679,64944
56102,17843,73945
22875,67821,90696
10394,94562,104956
1024,61586,62610
74039,87853,161892
66126,21078,87204
95576,18876,114452
37483,22317,59800
78834,15817,94651
36763,12586,49349
52363,10461,62824
65669,26743,92412
73073,45199,118272
87048,71314,158362
81948,57732,139680
17792,40283,58075
93657,36968,130625
32553,55099,87652
58120,32762,90882
15706,55806,71512
90268,42678,132946
52679,37062,89741
50853,89767,140620
88551,83022,171573
20257,21635,41892
69530,26326,95856
15766,31993,47759
56943,56567,113510
47163,6699,53862
76993,2691,79684
23341,99246,122587
71866,86992,158858
48010,61494,109504
5305,84324,89629
69760,2867,72627
5509,24666,30175
61333,64472,125805
748,90091,90839
28285,60680,88965
527,92056,92583
94625,35079,129704
1217,94770,95987
77148,64331,141479
22549,86595,109144
48338,26897,75235
28348,54057,82405
99184,80545,179729
89047,41691,130738
31480,28283,59763
2794,56242,59036
17675,94975,112650
96826,90969,187795
27994,11468,39462
53548,2386,55934
19181,74953,94134
20837,39512,60349
58030,90605,148635
26142,94634,120776
5221,27535,32756
72899,93556,166455
49563,72871,122434
63333,88283,151616
53589,87561,141150
75236,75436,150672
6659,44972,51631
84003,35462,119465
76541,29800,106341
48582,4344,52926
84602,21224,105826
29638,81440,111078
62138,33083,95221
38534,76557,115091
40362,1603,41965
43900,50745,94645
98063,61228,159291
40919,64093,105012
27931,77633,105564
60932,91372,152304
51390,5990,57380
28954,13389,42343
3216,57606,60822
18876,41524,60400
86617,87619,174236
5594,51421,57015
75492,2098,77590
88562,88585,177147
88214,85207,173421
96869,55524,152393
3051,51601,54652
21358,64584,85942
37680,95571,133251
23979,99123,123102
60941,51088,112029
74086,38731,112817
49132,58148,107280
68846,90598,159444
77158,59801,136959
29933,42016,71949
67854,7994,75848
95146,30825,125971
56817,388,57205
35898,83521,119419
10913,71325,82238
36986,37879,74865
46999,42197,89196
63856,1029,64885
90710,89686,180396
58577,4252,62829
6746,50963,57709
92625,34777,127402
53805,43290,97095
6419,14160,20579
47898,54916,102814
40950,88271,129221
27760,10150,37910
79117,29616,108733
16219,69741,85960
57446,96679,154125
90249,93449,183698
3377,60905,64282
52284,7053,59337
81240,43770,125010
95255,50529,145784
62194,45372,107566
54930,79753,134683
25891,88861,114752
24797,98626,123423
28813,55147,83960
16083,73187,89270
11071,57421,68492
61599,89669,151268
755,63292,64047
92989,56551,149540
43452,71514,114966
64881,23887,88768
32008,63104,95112
28702,33953,62655
36777,15065,51842
27259,62239,89498
87598,22297,109895
7734,2731,10465
50405,82948,133353
30444,53264,83708
10627,78560,89187
66938,88962,155900
11311,38262,49573
46757,20414,67171
31269,21018,52287
99505,40434,139939
41015,53698,94713
27962,54448,82410
21575,2048,23623
98830,92344,191174
53664,70552,124216
13519,56851,70370
33819,40663,74482
37432,20939,58371
36138,13028,49166
17719,51212,68931
2759,14246,17005
25699,16491,42190
39186,33010,72196
50333,49097,99430
42668,75449,118117
49473,55969,105442
79779,8567,88346
14101,23749,37850
22759,4084,26843
44311,92784,137095
41288,42898,84186
54107,67239,121346
48086,68308,116394
20429,12133,32562
92908,37714,130622
69200,67762,136962
84051,24756,108807
25481,71645,97126
19069,17116,36185
57951,20346,78297
28753,85570,114323
97659,58151,155810
80648,59891,140539
22434,67482,89916
8736,56868,65604
8254,11277,19531
18933,82706,101639
67181,3884,71065
87433,78251,165684
8256,69506,77762
10759,26648,37407
18774,11118,29892
75042,5729,80771
7603,59717,67320
17774,5707,23481
71102,91878,162980
90333,94743,185076
91881,29686,121567
4873,82229,87102
70949,14696,85645
28766,62469,91235
336,47050,47386
59030,76362,135392
29918,28715,58633
77274,20381,97655
21647,80355,102002
81265,25204,106469
31874,17496,49370
48002,98445,146447
72891,56428,129319
30276,67701,97977
48294,87704,135998
33550,37398,70948
69498,46088,115586
23161,53887,77048
60861,77572,138433
79470,11672,91142
91508,11721,103229
83800,11828,95628
40072,4955,45027
94384,59600,153984
85844,77001,162845
3674,414,4088
78505,46205,124710
20152,76878,97030
72728,62361,135089
68634,78327,146961
91090,2271,93361
13579,13735,27314
18554,12331,30885
39751,86603,126354
7627,31148,38775
16960,33455,50415
89522,87507,177029
33394,79853,113247
49576,81505,131081
90818,57290,148108
37957,72020,109977
95412,50932,146344
80025,35827,115852
44262,442,44704
24325,80325,104650
20916,22160,43076
56793,90478,147271
91870,98822,190692
2221,70948,73169
24793,59182,83975
20357,13410,33767
94873,59487,154360
28357,22810,51167
70428,27811,98239
42356,8305,50661
71962,71734,143696
98457,47212,145669
65080,50534,115614
88253,11207,99460
6722,41145,47867
44371,77971,122342
49291,70504,119795
74207,55653,129860
98351,37699,136050
6690,4209,10899
31392,42907,74299
35599,1724,37323
3669,2475,6144
35731,39030,74761
75733,69480,145213
67945,55356,123301
28595,51800,80395
88824,51926,140750
66589,50069,116658
88176,73188,161364
43415,87506,130921
62645,26174,88819
62768,11867,74635
56473,37330,93803
3273,85911,89184
84395,98354,182749
36624,65090,101714
70374,57815,128189
2488,26530,29018
65194,42814,108008
71340,64568,135908
78157,43243,121400
82529,81680,164209
3399,18454,21853
72324,72724,145048
97953,11620,109573
31480,83060,114540
87391,82028,169419
82375,49983,132358
65197,88615,153812
55812,90659,146471
17014,45731,62745
24743,65679,90422
78022,41668,119690
57411,91254,148665
97978,12319,110297
24793,2997,27790
64297,35569,99866
32547,20743,53290
50665,38209,88874
57471,40616,98087
98540,36049,134589
72608,10006,82614
27108,17825,44933
51306,39666,90972
57316,59712,117028
8733,51952,60685
16982,23825,40807
25877,73760,99637
41380,96782,138162
49751,7368,57119
80571,27036,107607
52299,79531,131830
80848,35222,116070
51395,63785,115180
6105,19689,25794
90161,35749,125910
34214,5653,39867
96714,18592,115306
6022,89096,95118
19273,90490,109763
94708,98620,193328
44499,64989,109488
61510,64470,125980
36068,75864,111932
22055,1702,23757
92425,52603,145028
72172,40878,113050
11618,40207,51825
64631,24177,88808
24628,30919,55547
91313,30954,122267
54182,49266,103448
5631,75516,81147
28781,62027,90808
416,66,482
33269,93686,126955
47302,13142,60444
12565,43146,55711
16865,98106,114971
60463,45426,105889
51569,97924,149493
45215,64575,109790
22685,43043,65728
18692,28914,47606
15106,78282,93388
61557,57813,119370
15370,98980,114350
11211,15384,26595
20028,82803,102831
49347,22422,71769
40657,71647,112304
64931,33752,98683
97141,77996,175137
20930,20217,41147
80932,57034,137966
307,4113,4420
89666,83208,172874
82696,30940,113636
68417,83251,151668
92788,66682,159470
49056,92643,141699
30374,73133,103507
5587,12424,18011
62289,60553,122842
87776,36383,124159
25372,62817,88189
86712,25296,112008
7564,90971,98535
21445,49124,70569
80453,46757,127210
36246,74271,110517
29290,84452,113742
42402,40606,83008
96278,40783,137061
13461,24933,38394
22141,86475,108616
95237,55067,150304
62162,11898,74060
72414,40496,112910
15266,81725,96991
13230,38413,51643
24451,7568,32019
8491,5736,14227
71208,90033,161241
12673,96633,109306
37295,98681,135976
2569,73626,76195
79337,67588,146925
78234,86357,164591
92347,14908,107255
14398,74774,89172
57690,4137,61827
53799,32751,86550
74759,299,75058
25483,15711,41194
81697,2683,84380
56488,61757,118245
27333,50189,77522
57876,83437,141313
51575,26287,77862
91797,85077,176874
31001,68927,99928
52129,54588,106717
2482,51409,53891
15723,37351,53074
53206,59118,112324
58525,30571,89096
21601,34565,56166
43082,4800,47882
60214,35584,95798
48863,61609,110472
16746,88424,105170
43865,70811,114676
99508,37544,137052
44740,4331,49071
51200,93426,144626
59641,64336,123977
603,61787,62390
70063,17154,87217
10267,42783,53050
51945,69165,121110
86823,87399,174222
1539,29981,31520
54217,46289,100506
88024,26679,114703
87519,73269,160788
32289,83502,115791
12932,8382,21314
83334,26303,109637
83054,78768,161822
57435,47749,105184
84873,77186,162059
82047,37142,119189
51373,47197,98570
74601,37263,111864
97053,49010,146063
55711,6982,62693
3847,24547,28394
89632,74001,163633
10850,2624,13474
99275,41396,140671
77326,79721,157047
63447,29287,92734
33314,14476,47790
12461,7097,19558
56971,22119,79090
44359,40089,84448
12723,29457,42180
69495,32996,102491
92298,16809,109107
84133,30214,114347
92687,61481,154168
89950,71224,161174
91490,73401,164891
61732,97414,159146
60885,3332,64217
45581,73885,119466
76694,77928,154622
84872,71429,156301
8783,93020,101803
49871,75442,125313
45765,88592,134357
43594,44078,87672
64831,57697,122528
49681,59376,109057
49289,71220,120509
7807,20698,28505
49701,39203,88904
4637,7614,12251
51190,80646,131836
54490,38706,93196
64624,64677,129301
49011,72816,121827
73448,58177,131625
34431,32098,66529
87314,80697,168011
84152,20325,104477
95899,52698,148597
68011,4655,72666
62636,10721,73357
13714,99035,112749
59293,47124,106417
92175,81777,173952
42965,77589,120554
40975,44239,85214
48402,45171,93573
89204,13269,102473
68560,61302,129862
34879,2127,37006
29364,839,30203
63293,12713,76006
80370,9753,90123
73183,59856,133039
14730,2091,16821
88428,13548,101976
93968,61807,155775
50712,17838,68550
97286,81052,178338
3306,45406,48712
27671,29164,56835
70287,63059,133346
51247,73621,124868
22072,93111,115183
8665,80672,89337
59646,38798,98444
29922,46234,76156
83736,33703,117439
18208,21597,39805
47756,79834,127590
26359,75158,101517
31587,83844,115431
84205,91051,175256
93533,43105,136638
76617,11335,87952
65927,72878,138805
60388,28079,88467
64474,32885,97359
12282,2961,15243
25324,62041,87365
52269,258,52527
23389,33386,56775
24176,30557,54733
9091,36979,46070
37807,66313,104120
90124,49301,139425
8167,17417,25584
65789,82382,148171
73228,9728,82956
13293,6827,20120
83659,97347,181006
10415,81481,91896
49956,65106,115062
46926,61683,108609
47934,24020,71954
3676,94612,98288
27124,88750,115874
53403,492,53895
4318,20131,24449
5837,30705,36542
60454,42815,103269
68752,76876,145628
91319,40439,131758
65000,12574,77574
71133,4786,75919
22155,71491,93646
52234,96793,149027
74220,95474,169694
22774,61417,84191
89891,68459,158350
87537,41090,128627
16629,58762,75391
97372,208,97580
84255,31060,115315
67476,95418,162894
62264,93829,156093
96417,22029,118446
67411,63846,131257
73796,32788,106584
34904,33280,68184
36874,285,37159
83366,43442,126808
67061,22829,89890
68340,64285,132625
34314,21950,56264
13138,22345,35483
68003,59470,127473
55473,23186,78659
93930,70037,163967
72371,73507,145878
50890,86835,137725
57278,19923,77201
71543,60109,131652
29322,17256,46578
40275,17229,57504
98303,8609,106912
71255,37466,108721
80980,97196,178176
90844,6720,97564
19593,77261,96854
9618,79000,88618
69036,10333,79369
78537,470,79007
90418,29066,119484
57956,99021,156977
46390,14694,61084
75008,56945,131953
49783,35103,84886
55271,48566,103837
79396,88422,167818
21608,48352,69960
13503,59577,73080
15665,2364,18029
17011,7395,24406
57012,32179,89191
91993,40245,132238
6848,61848,68696
29550,67921,97471
33430,29582,63012
35105,1669,36774
21641,51451,73092
27489,88552,116041
91058,84680,175738
5604,93446,99050
86876,40610,127486
62971,72016,134987
1926,9209,11135
30747,72603,103350
25212,75461,100673
37370,78715,116085
82443,64288,146731
66821,57569,124390
97449,39531,136980
94190,21533,115723
83640,47747,131387
47924,94720,142644
78255,30275,108530
9944,73241,83185
1911,28778,30689
38033,7639,45672
62554,47275,109829
37082,49251,86333
66360,95099,161459
99145,62128,161273
82360,18432,100792
87537,77761,165298
12579,51286,63865
2580,97108,99688
30595,63760,94355
83932,28459,112391
75465,97629,173094
23524,30089,53613
36607,28777,65384
50213,89296,139509
91176,31669,122845
9977,52138,62115
77936,41027,118963
77436,18825,96261
64617,91606,156223
52755,88910,141665
9322,52022,61344
28732,48655,77387
69978,51063,121041
45107,60534,105641
46782,58105,104887
60264,33374,93638
67463,83137,150600
33251,35996,69247
12307,37008,49315
34339,32459,66798
11052,32562,43614
94402,49549,143951
95345,9801,105146
53176,75463,128639
41836,37094,78930
97916,98926,196842
39142,16541,55683
6096,53812,59908
26798,65094,91892
20837,13989,34826
69566,98429,167995
23797,63447,87244
33502,57108,90610
76753,46471,123224
58181,48153,106334
26842,11559,38401
65813,89714,155527
53543,94437,147980
67525,76667,144192
48975,21686,70661
6997,52824,59821
9864,13776,23640
46657,7831,54488
68578,51787,120365
55984,98840,154824
6605,63579,70184
81758,50299,132057
64835,41764,106599
42166,49494,91660
28405,83872,112277
